-0.874535663267	0.29531151465	1.0	
-0.93844222983	-0.275586123471	1.0	
-0.920466777478	0.13667471502	1.0	
-0.53595747564	-0.93955236306	1.0	
-0.367373483759	0.939690919203	1.0	
-0.976099911817	-0.664464760154	1.0	
0.186481195455	0.667923212571	1.0	
-0.997121823607	-0.00243356688283	1.0	
-0.233703902911	-0.200972498004	1.0	
-0.584376814185	-0.0962140808074	1.0	
-0.605259330556	-0.491679201623	1.0	
-0.628395183064	0.731502384308	1.0	
-0.168654701392	0.327366070725	1.0	
-0.463894020679	0.943083625698	1.0	
0.102630121733	0.6164284757	1.0	
0.107832661847	0.603438662565	1.0	
-0.919929577431	-0.658944338791	1.0	
0.100818640672	0.818723429052	1.0	
-0.874295291635	0.657940575021	1.0	
-0.833488160643	-0.909663096565	1.0	
-0.923262552961	-0.805753000184	1.0	
-0.189622898501	0.427057356759	1.0	
-0.292800763674	-0.645811824667	1.0	
0.0249416025387	0.637937287601	1.0	
-0.860946186917	0.736350465512	1.0	
-0.922205998618	-0.787951867973	1.0	
-0.404909446051	0.0897824340497	1.0	
-0.00838849861691	0.633862139013	1.0	
-0.69461434968	-0.43676497048	1.0	
-0.81777239263	-0.803888466164	1.0	
-0.115559580886	0.980853745858	1.0	
-0.239265901007	0.50123213985	1.0	
0.0493590276509	0.805623509587	1.0	
-0.3333405235	-0.243486956592	1.0	
-0.52471430139	0.978438109753	1.0	
-0.868829757127	-0.792275453175	1.0	
-0.783750247697	0.17078022011	1.0	
-0.59448500326	-0.810613767205	1.0	
-0.26888963632	-0.28248386323	1.0	
0.197602688664	0.810438899105	1.0	
-0.729451697566	0.360108350574	1.0	
-0.673873295986	-0.940451336712	1.0	
-0.7973123803	-0.11287121467	1.0	
-0.357921630198	0.485801107398	1.0	
-0.0260364909094	0.829682415961	1.0	
-0.493788934532	0.51444179101	1.0	
-0.516726397676	-0.37000853178	1.0	
-0.682322732529	-0.602699690533	1.0	
-0.901871339082	0.743813586345	1.0	
-0.582708670036	0.854026248085	1.0	
-0.996126683824	-0.830576914149	1.0	
-0.299249521249	0.886115588901	1.0	
-0.694717143309	0.750992665358	1.0	
-0.798780014153	0.802603341149	1.0	
-0.110616245448	0.998149919217	1.0	
-0.253939893031	-0.0305526030325	1.0	
-0.395024259353	-0.0413746400739	1.0	
-0.576887900258	0.867495804757	1.0	
-0.587239192182	-0.395409138019	1.0	
-0.640772562417	0.626971896374	1.0	
-0.946204028618	-0.12031618496	1.0	
-0.443703339218	0.619365245273	1.0	
-0.737818238382	0.459242170622	1.0	
-0.495109375749	0.145971554425	1.0	
-0.782259594381	0.422792707891	1.0	
-0.676618814378	-0.44120168731	1.0	
-0.523871763286	-0.716461152076	1.0	
-0.633343025559	0.460435642806	1.0	
-0.257891449227	0.947296854905	1.0	
-0.440097633039	0.602134862811	1.0	
-0.350757729558	-0.78530225828	1.0	
0.225931606288	0.877634661727	1.0	
-0.200259090986	0.192421290789	1.0	
-0.753623225427	-0.500301039791	1.0	
-0.540895442484	-0.686307250189	1.0	
-0.284781111805	-0.459301832799	1.0	
-0.552641497997	-0.914683165928	1.0	
-0.584195728449	-0.874749472014	1.0	
-0.768444691397	-0.205591503142	1.0	
-0.0830245062292	0.604324793404	1.0	
-0.705033947638	0.0877138831433	1.0	
0.0104642997376	0.146676056094	1.0	
-0.360079087026	-0.928957824828	1.0	
-0.452287395106	-0.100491611204	1.0	
-0.46284190044	0.302521961362	1.0	
-0.771034358886	0.980968851205	1.0	
0.140855275831	0.918319302392	1.0	
-0.333841007322	0.671125007138	1.0	
-0.532254509408	0.967720733006	1.0	
-0.0427981304188	0.437558091202	1.0	
-0.986679409814	-0.524246666948	1.0	
-0.710365953594	-0.671492419035	1.0	
-0.649984753101	-0.757503731276	1.0	
-0.722631623796	0.473654660868	1.0	
-0.748146063959	-0.600236154192	1.0	
-0.453274634152	0.988542943606	1.0	
-0.0917433422737	0.408178113795	1.0	
-0.249612186701	0.457923461492	1.0	
-0.443749493105	0.593790944449	1.0	
-0.562926601202	-0.747331257088	1.0	
-0.437136003403	-0.630242956812	1.0	
-0.276336809329	0.240579098456	1.0	
-0.335759895507	0.872238195664	1.0	
-0.806438158606	-0.717272751962	1.0	
-0.405625986644	-0.825749723022	1.0	
-0.846375870955	0.569596357998	1.0	
0.0935021255705	0.661583410103	1.0	
-0.637208686108	-0.933872050856	1.0	
-0.233913076746	-0.481691395873	1.0	
-0.575461679999	-0.9129902863	1.0	
-0.947082245277	0.228039712087	1.0	
-0.592055042274	-0.712488318949	1.0	
-0.567879416416	0.255428449231	1.0	
-0.466643965686	0.52816262482	1.0	
-0.0223191242799	0.546485365548	1.0	
-0.862141998926	-0.841169531226	1.0	
-0.827884377399	0.776891587348	1.0	
-0.400390024024	0.738600941882	1.0	
-0.483895606198	-0.459759116663	1.0	
-0.684572643145	0.0418491441845	1.0	
-0.803605465896	0.164834994818	1.0	
-0.322152742642	0.846185735116	1.0	
-0.870344221628	0.961370165466	1.0	
-0.316888091348	0.0948686816293	1.0	
-0.454361047798	-0.566585077889	1.0	
-0.0665273382758	0.799275660933	1.0	
-0.495109031646	-0.228663120762	1.0	
-0.804459696912	-0.506872801777	1.0	
-0.586172304223	0.728220828313	1.0	
-0.22648833161	-0.300331255122	1.0	
-0.466789565508	-0.344481761055	1.0	
-0.49654139645	0.0667124294576	1.0	
-0.831825440845	0.523626103741	1.0	
-0.388210020911	0.287998438796	1.0	
-0.207203227861	0.65572318352	1.0	
-0.755006048904	-0.857408381229	1.0	
-0.581798891635	0.84202513549	1.0	
-0.754646756326	0.509270381685	1.0	
-0.0583733281717	0.343474898705	1.0	
-0.98227409244	0.819207092132	1.0	
-0.406820025465	-0.435572010489	1.0	
-0.228904693683	0.671266098586	1.0	
-0.838380055848	0.0758571258655	1.0	
-0.812366556288	0.959906165025	1.0	
-0.701072227515	0.335089492078	1.0	
-0.760770088344	0.309049527688	1.0	
-0.764632894258	0.745395679966	1.0	
0.174264096503	0.773546672376	1.0	
0.069563852531	0.471861055342	1.0	
-0.247227642011	0.0581561831398	1.0	
-0.464315311724	0.691126639355	1.0	
-0.767251403458	0.071710134619	1.0	
-0.810551084856	0.606487628392	1.0	
-0.41887952918	0.392469016282	1.0	
-0.75577567436	-0.253324847388	1.0	
-0.938603053938	-0.686332729609	1.0	
0.205240756148	0.888500392259	1.0	
-0.630287984674	0.755472293588	1.0	
-0.642973631874	-0.671099513535	1.0	
-0.796120533004	-0.459651626214	1.0	
-0.277887532988	0.483585084577	1.0	
-0.727135908723	0.205708287094	1.0	
0.0076347715684	0.740856522377	1.0	
-0.750204897179	0.28829107206	1.0	
-0.962970032391	0.858569684693	1.0	
-0.860933714654	-0.757055660772	1.0	
0.224203087319	0.89021599616	1.0	
-0.678425280333	0.46648623791	1.0	
-0.597270030804	-0.135710656453	1.0	
-0.0373881762038	0.649733223178	1.0	
-0.838797866708	-0.774145747601	1.0	
-0.332042516742	0.116985990311	1.0	
-0.346621742537	0.836630876681	1.0	
-0.472461170408	0.827184735549	1.0	
0.0315025617358	0.885348606009	1.0	
-0.978847433269	0.675090040104	1.0	
-0.138252224427	0.507345178682	1.0	
-0.939079176886	-0.56558398266	1.0	
-0.806893811893	-0.906579790021	1.0	
-0.665676136275	0.777933481894	1.0	
-0.728558004376	0.416229814409	1.0	
-0.761809839925	0.909570362026	1.0	
-0.863214887463	0.15981160963	1.0	
-0.61514710891	-0.655568592504	1.0	
-0.0598063915533	0.440512010564	1.0	
-0.411873599617	-0.0432014411863	1.0	
-0.133589493302	0.557462091626	1.0	
-0.380208178779	-0.629451817971	1.0	
-0.137613050454	-0.234291862869	1.0	
-0.200079054118	0.057504763836	1.0	
0.0107908883085	0.837116517902	1.0	
-0.983658602188	-0.978930426889	1.0	
-0.545338373559	0.749356735962	1.0	
-0.379198695429	0.472422882939	1.0	
-0.336039398149	-0.00141986757717	1.0	
-0.106994471562	0.692846847815	1.0	
-0.811585573818	0.204949827367	1.0	
-0.405005526083	-0.335832947449	1.0	
-0.451095296034	-0.624585489046	1.0	
-0.604377370243	0.474221718977	1.0	
-0.794451379593	-0.631037619382	1.0	
-0.691938373932	-0.640622160969	1.0	
-0.347297698734	-0.156019392059	1.0	
-0.879075400412	-0.804525531955	1.0	
-0.931861047648	0.0731057038495	1.0	
-0.226662432977	0.900515810335	1.0	
-0.928236535315	0.213566350008	1.0	
-0.533377963241	0.642191486104	1.0	
-0.918674893964	-0.141491607703	1.0	
-0.702045814647	0.579615785345	1.0	
-0.766879925585	-0.624763762232	1.0	
-0.90284687623	0.190869965267	1.0	
-0.124013904505	0.961900728309	1.0	
-0.555759090838	-0.493923106705	1.0	
-0.858785537129	0.541442519482	1.0	
-0.399343052009	-0.252228887332	1.0	
-0.663008113273	-0.0426299297872	1.0	
-0.275953994605	-0.6067387647	1.0	
-0.774102045797	0.443791946472	1.0	
-0.414019636422	-0.25185025901	1.0	
-0.859842491461	-0.855141274854	1.0	
-0.155505977818	0.952142292244	1.0	
-0.259801081291	0.3639482067	1.0	
-0.977631951785	0.336569092206	1.0	
-0.471149920055	-0.120769993017	1.0	
-0.764377488216	-0.0762123710792	1.0	
-0.654311949473	0.28775946097	1.0	
-0.692018381718	0.134380446093	1.0	
-0.595611097575	-0.558612172874	1.0	
-0.643588652215	0.191040398129	1.0	
-0.473392209866	-0.850475554707	1.0	
-0.759503918869	-0.939939823573	1.0	
-0.460414752913	0.155291079809	1.0	
-0.302132328312	0.298310410502	1.0	
-0.633604230248	0.430056939349	1.0	
0.0535119845883	0.980454504416	1.0	
-0.154939620936	-0.108658055365	1.0	
-0.319793317505	-0.608865487658	1.0	
-0.927626618255	0.258074014732	1.0	
-0.716359159767	0.470217792356	1.0	
-0.850015113855	0.854959894796	1.0	
-0.726434095646	0.40777376718	1.0	
-0.990435601992	-0.748298723733	1.0	
-0.372728544096	0.207589902915	1.0	
-0.408387663696	-0.549939201937	1.0	
-0.764995407442	-0.496084900353	1.0	
-0.12086976024	0.52392640365	1.0	
-0.0302020257252	0.473747202355	1.0	
-0.541532529073	0.587195125449	1.0	
-0.513218135654	0.361344007381	1.0	
-0.52816804861	-0.147948960394	1.0	
-0.672519430847	0.888428874926	1.0	
-0.696389483884	-0.435967337404	1.0	
-0.394046437616	-0.846418446759	1.0	
-0.887621983057	-0.162525798739	1.0	
-0.766198470301	-0.00179091301588	1.0	
-0.926665522138	-0.408839660947	1.0	
-0.125111064397	0.217508112289	1.0	
-0.0961841686334	-0.00189928669852	1.0	
-0.892406587526	-0.628473269819	1.0	
-0.160007474778	-0.0624957876082	1.0	
-0.195654441478	-0.116263244602	1.0	
-0.24825789366	-0.344940861373	1.0	
-0.583048450669	-0.769113624945	1.0	
-0.845078163494	-0.501303542529	1.0	
-0.143428167891	-0.0250358967502	1.0	
-0.407499382071	-0.215947348593	1.0	
-0.432357152038	-0.433845660997	1.0	
-0.913138471012	0.874478987818	1.0	
-0.742373483669	-0.792037054857	1.0	
-0.384962536486	-0.861342829916	1.0	
-0.443137991271	0.195711692204	1.0	
-0.854347757605	-0.599592702024	1.0	
-0.330427607117	0.786934989872	1.0	
0.074102546476	0.752434933342	1.0	
-0.279596355097	-0.733516695874	1.0	
-0.113755714483	0.994971481326	1.0	
-0.560114127261	-0.62138025265	1.0	
-0.947393818925	-0.889485559214	1.0	
-0.409431755942	-0.01653234519	1.0	
-0.634556595195	-0.413390117828	1.0	
-0.506451285372	-0.843240170546	1.0	
-0.119814297688	0.882234928457	1.0	
-0.515746069998	0.49913324139	1.0	
-0.35299784148	-0.558106201445	1.0	
-0.454262198155	-0.269904033304	1.0	
-0.946486939152	0.291196314548	1.0	
0.096066529825	0.396458257252	1.0	
-0.235899258505	0.123322146253	1.0	
-0.259604308212	0.16180117312	1.0	
-0.469936219516	0.178562513696	1.0	
-0.307523743057	-0.794471085588	1.0	
-0.529989684807	-0.533419687562	1.0	
-0.303025471054	0.325311205214	1.0	
-0.526772969675	-0.423121225295	1.0	
-0.74701958721	-0.68635338762	1.0	
-0.492483370794	-0.703946842395	1.0	
-0.411604694288	0.833230992952	1.0	
-0.859511596451	0.352698099304	1.0	
-0.568788765093	-0.174309083913	1.0	
-0.72008409491	-0.55969529524	1.0	
-0.9114357182	-0.474553271774	1.0	
-0.339651599173	-0.325747148567	1.0	
-0.360851429413	-0.759431523276	1.0	
-0.753041333311	-0.597137254836	1.0	
-0.6695642172	-0.74013572259	1.0	
-0.0242666767817	0.674169413948	1.0	
-0.231467317814	-0.434475448757	1.0	
-0.427097525795	-0.771391397796	1.0	
0.118858390607	0.457928951296	1.0	
-0.325290726296	-0.0805151518317	1.0	
-0.692316703248	0.84923157867	1.0	
-0.440018469625	-0.654651851924	1.0	
-0.199436806036	0.409552629167	1.0	
-0.547730760029	0.614434597636	1.0	
-0.939228504389	0.377807847249	1.0	
-0.515492923134	0.236405802718	1.0	
-0.284734905018	0.988697839441	1.0	
-0.803912964055	0.360225049206	1.0	
-0.561668457811	0.427285000479	1.0	
-0.86236522257	-0.617640436459	1.0	
-0.908265049361	-0.33463245127	1.0	
-0.575777908686	-0.427380702332	1.0	
-0.882705800458	0.359549370018	1.0	
-0.787444465931	0.797121805835	1.0	
-0.180076892383	-0.00281784282875	1.0	
-0.126382671161	0.574956503978	1.0	
-0.668740357736	-0.939879011982	1.0	
-0.204696908052	0.76568399142	1.0	
-0.432741552283	-0.363188145995	1.0	
-0.540121869826	0.724000870905	1.0	
-0.288019391812	0.294865793015	1.0	
-0.831276571496	0.575476076835	1.0	
-0.51264906656	-0.221551995229	1.0	
-0.313208867446	0.826001305309	1.0	
-0.265148964512	0.176771524982	1.0	
-0.796560351213	-0.371819420602	1.0	
-0.780310856581	0.491890163105	1.0	
-0.927670485141	0.0940930040787	1.0	
-0.789280737712	-0.017494074547	1.0	
-0.899914181314	0.628015771368	1.0	
-0.00970580559847	0.137966698359	1.0	
-0.315982370758	0.927757534145	1.0	
-0.0747458497818	0.93434469977	1.0	
-0.941327002239	-0.584111216786	1.0	
-0.994175404692	0.117746528431	1.0	
-0.988464921746	-0.0770139496383	1.0	
-0.448894837206	-0.895035583006	1.0	
-0.45714049795	-0.952006743616	1.0	
-0.499278469087	-0.653591065456	1.0	
-0.462571242237	0.842510473708	1.0	
0.00449045591798	0.458043907825	1.0	
-0.96331721274	-0.624128087475	1.0	
-0.854909687612	-0.208420240602	1.0	
-0.910949479157	-0.718747990633	1.0	
-0.545896243714	0.198862527484	1.0	
-0.910497503229	-0.797881590113	1.0	
-0.403470859654	0.56017234781	1.0	
0.134526316367	0.993088868508	1.0	
-0.664470710196	-0.133839782932	1.0	
-0.281251193123	0.192750626347	1.0	
-0.233151553739	0.414197624935	1.0	
-0.859468092054	-0.822897968426	1.0	
-0.671217503877	-0.895393658988	1.0	
-0.495221699082	0.0750943913005	1.0	
-0.385472363254	0.169044749071	1.0	
-0.767958378224	0.0723893563417	1.0	
-0.33753324034	0.600589161176	1.0	
-0.656111434525	-0.55479163879	1.0	
-0.944071712588	-0.992820171316	1.0	
-0.224230249734	0.303447195035	1.0	
-0.18821825105	0.901088206823	1.0	
0.2096670967	0.990364916956	1.0	
-0.891525832755	0.881008581465	1.0	
-0.149148954728	0.52931822091	1.0	
-0.215874853436	0.728926448491	1.0	
-0.761187919447	-0.379512479204	1.0	
-0.976077160682	-0.488689647576	1.0	
-0.40289880623	-0.656238611901	1.0	
-0.465715385333	0.410909528465	1.0	
-0.625731392785	0.748046720008	1.0	
-0.256225341211	0.90903657811	1.0	
-0.957402606905	-0.668228133693	1.0	
-0.824558593946	-0.949385710125	1.0	
-0.46032928958	-0.495884640135	1.0	
-0.725007461311	0.955925300784	1.0	
-0.617502187792	-0.51158973253	1.0	
-0.985010627001	0.979976868464	1.0	
-0.342024780581	-0.178474446098	1.0	
-0.448595640795	0.656896055303	1.0	
-0.363167110006	-0.615232138318	1.0	
-0.264419272575	-0.216399503147	1.0	
-0.621853419099	-0.835147808652	1.0	
-0.983851928006	0.0185938966486	1.0	
-0.978340088601	0.59431639173	1.0	
-0.435435722533	-0.0372251674234	1.0	
-0.355730337939	-0.0139350193612	1.0	
-0.747925361565	-0.757936972756	1.0	
-0.686992671383	-0.665963798921	1.0	
-0.181933697122	-0.320707809185	1.0	
-0.188526866343	0.0731182097751	1.0	
-0.50657595055	0.327523633547	1.0	
-0.384168750294	0.153389878911	1.0	
-0.834634728315	-0.351994684429	1.0	
-0.260403235567	0.540226983091	1.0	
-0.67063975878	0.729074739814	1.0	
-0.530247189225	-0.202745061907	1.0	
-0.841262691744	0.911342687924	1.0	
-0.231355547124	-0.493295532364	1.0	
-0.79584201012	0.845124301546	1.0	
-0.185517420987	0.136525418272	1.0	
-0.833646167359	-0.24140608294	1.0	
-0.435314830262	-0.160894308108	1.0	
-0.531169481503	-0.196713569718	1.0	
-0.851535333841	0.124938868474	1.0	
-0.524136991371	-0.154663343898	1.0	
-0.130531424878	0.0633386801403	1.0	
0.0130663054632	0.878572211445	1.0	
-0.484847720545	-0.236630397373	1.0	
-0.981366170864	0.597110270174	1.0	
-0.902193176083	-0.708621082104	1.0	
-0.00258420631818	0.937274671056	1.0	
-0.67057373279	-0.461675884653	1.0	
0.117636333316	0.93679840132	1.0	
-0.990198409547	0.629241547979	1.0	
-0.684212131332	0.811599185472	1.0	
-0.313580307009	0.848233477468	1.0	
0.0612407917173	0.58672344632	1.0	
-0.730241313458	0.500223999609	1.0	
-0.189684637201	-0.073006239274	1.0	
-0.104476352053	0.332306543481	1.0	
-0.714374754531	0.0549632972618	1.0	
-0.044360954547	0.972999901577	1.0	
0.210486860057	0.814717234058	1.0	
-0.298452605669	-0.386324224548	1.0	
-0.988310987714	-0.849548729033	1.0	
-0.269363429379	0.300193108546	1.0	
-0.567254972198	-0.0952415029924	1.0	
-0.294736645541	-0.416539300635	1.0	
-0.230877945192	0.717837615173	1.0	
-0.00803746268569	0.37581934498	1.0	
-0.563922180521	-0.757175624862	1.0	
-0.572758488074	-0.915217598491	1.0	
-0.130007925709	0.0870898721699	1.0	
-0.178852722235	0.264866394554	1.0	
-0.306698984801	0.441747643044	1.0	
-0.169338550977	0.0918265412439	1.0	
-0.778154512196	-0.413250908842	1.0	
-0.325717006904	0.902206801596	1.0	
-0.611209773394	-0.811031546977	1.0	
-0.120113733992	0.128287123844	1.0	
-0.866216223724	-0.50505051189	1.0	
-0.414056396828	0.591409940636	1.0	
-0.0689359808915	0.872052560462	1.0	
-0.626689840727	0.607259228812	1.0	
-0.999118241152	0.0671685602409	1.0	
-0.098892360982	0.909630834458	1.0	
-0.755141197284	-0.499079912711	1.0	
-0.585622455648	0.0326321192077	1.0	
-0.779205617265	-0.461900287768	1.0	
-0.874864318308	0.0580469191554	1.0	
-0.721573603958	0.875064663426	1.0	
-0.621906878994	0.960359933173	1.0	
-0.592834748097	-0.465111998379	1.0	
-0.847944640134	-0.67600671138	1.0	
-0.106463495725	0.50736646822	1.0	
-0.300144493011	0.640275299455	1.0	
-0.823393846758	-0.653167890249	1.0	
-0.60646106648	-0.684784319843	1.0	
-0.715381454336	0.342966758338	1.0	
-0.52246971804	-0.212047371015	1.0	
-0.602876449524	-0.249580556474	1.0	
-0.288999653925	-0.226829489595	1.0	
-0.363237588924	0.438277162293	1.0	
0.883509960234	0.807213448105	-1.0	
0.658103239779	-0.410387423974	-1.0	
0.942844147508	0.372299347111	-1.0	
0.490941693084	0.233008071268	-1.0	
0.978641363788	0.116990938161	-1.0	
0.851653504468	-0.976702812049	-1.0	
0.838107011064	0.125499237167	-1.0	
0.547983923755	0.191820596904	-1.0	
-0.0932676045349	-0.93775488329	-1.0	
0.738625678539	-0.723485200962	-1.0	
0.554524957496	-0.157181450733	-1.0	
0.40741654119	0.858246843437	-1.0	
0.951530040031	0.35035642463	-1.0	
0.106349419207	-0.285947181648	-1.0	
0.520265986918	-0.657791338712	-1.0	
0.681129269057	-0.112175204059	-1.0	
0.697363030928	-0.282660198468	-1.0	
0.663131273537	0.674167038834	-1.0	
0.961222979266	-0.274021198421	-1.0	
-0.0738756562165	-0.911544187324	-1.0	
0.768434926484	0.674616011476	-1.0	
0.728918656845	-0.668624221799	-1.0	
0.78153623689	0.0223607667875	-1.0	
0.468988042767	0.606153000161	-1.0	
0.0438331773591	-0.231370099992	-1.0	
0.640685384331	-0.356763714534	-1.0	
0.267609240129	-0.0975786368452	-1.0	
0.0168643754281	-0.603697453491	-1.0	
0.770566971803	-0.287743295171	-1.0	
0.416208277553	-0.30492548401	-1.0	
0.878930226918	0.489425341652	-1.0	
0.251130986137	0.584454068025	-1.0	
0.426557013685	-0.656906398829	-1.0	
0.618941676915	0.5556653575	-1.0	
0.0240924283556	-0.907217874882	-1.0	
0.0266165007315	-0.940482325701	-1.0	
0.330505529311	0.244113864148	-1.0	
0.643780066694	-0.311994106625	-1.0	
0.17688283548	-0.00727813238132	-1.0	
0.907757212293	0.940260153185	-1.0	
-0.074860317129	-0.683742696948	-1.0	
0.457490923014	-0.77639310851	-1.0	
0.160358817019	-0.898679681571	-1.0	
0.686506698696	0.927841914413	-1.0	
0.252411504644	-0.327839720935	-1.0	
0.424531905016	-0.970330442806	-1.0	
0.184510940319	-0.0992220286078	-1.0	
0.957262662113	0.958900012714	-1.0	
0.775694151797	-0.545867473993	-1.0	
0.721544699322	-0.164628746732	-1.0	
0.738972530265	-0.0560423514632	-1.0	
0.01046132168	-0.92041146694	-1.0	
0.287932076901	-0.607400975526	-1.0	
0.793204827454	-0.92135109709	-1.0	
0.968086968522	-0.744200750117	-1.0	
0.710161038174	0.313084217146	-1.0	
0.785599520246	-0.452714587928	-1.0	
0.223671254654	0.411374705619	-1.0	
0.25599202028	-0.564293333062	-1.0	
-0.0359391909177	-0.83028989412	-1.0	
0.21894637717	0.299475822343	-1.0	
0.526837056097	-0.618892161532	-1.0	
0.370571602103	0.823014714642	-1.0	
0.349576318915	-0.698188642324	-1.0	
0.684262759209	0.0260845218144	-1.0	
0.793104607192	-0.287400920975	-1.0	
0.143672735152	-0.212089344328	-1.0	
0.930100541216	0.184095938056	-1.0	
0.819770608627	-0.224643322279	-1.0	
0.773481743735	0.0934310933662	-1.0	
-0.0573476503373	-0.750650321826	-1.0	
0.852646991799	-0.254857197819	-1.0	
0.701044722761	0.395149101422	-1.0	
0.262272741635	0.323715586736	-1.0	
0.0329914838368	-0.0414988595635	-1.0	
0.60019152451	-0.911669841498	-1.0	
0.777507005208	-0.846104126901	-1.0	
0.336611761474	-0.00313051651474	-1.0	
0.863764836764	0.506758629013	-1.0	
0.540525454476	-0.823434933399	-1.0	
0.246091590411	0.534550835453	-1.0	
0.511852801825	0.193989191858	-1.0	
0.125148197011	-0.883764920713	-1.0	
0.634681735909	-0.495145672555	-1.0	
0.949613982632	0.246270498252	-1.0	
0.752230098259	-0.32868690883	-1.0	
0.688073105129	-0.0610624568708	-1.0	
0.240961725692	-0.151450869155	-1.0	
-0.0381661603862	-0.457974514457	-1.0	
0.158678644038	-0.511701929318	-1.0	
0.412091021307	0.319638790583	-1.0	
0.416145319143	-0.0729111694959	-1.0	
0.799462185152	-0.91276321987	-1.0	
0.52441461287	0.351348973273	-1.0	
0.569542273513	0.948198970813	-1.0	
0.533496815322	0.366511034607	-1.0	
0.241921640797	-0.817940463394	-1.0	
0.59254696223	-0.365358192482	-1.0	
0.98987155347	0.336367612199	-1.0	
0.775713805022	0.247813859396	-1.0	
0.950303983985	0.2497373921	-1.0	
0.463613540328	-0.421521047231	-1.0	
0.610899762197	0.949366513473	-1.0	
0.679117699798	0.271704352854	-1.0	
0.263473911391	0.592637870362	-1.0	
0.258194232195	-0.649870060304	-1.0	
0.747998008717	0.19798481029	-1.0	
0.858319694618	-0.985828257205	-1.0	
0.0997024132125	-0.324397776472	-1.0	
0.873192282633	-0.0359133593681	-1.0	
0.253789360678	-0.177669999577	-1.0	
0.830938481492	0.831979372145	-1.0	
0.723084470452	-0.870084232923	-1.0	
0.546871698943	0.725239640998	-1.0	
0.752099127772	-0.0237213761602	-1.0	
0.791090352169	0.515594730643	-1.0	
0.841182169831	-0.660198495035	-1.0	
0.08151396392	0.0676115019214	-1.0	
0.465745823916	0.981219706567	-1.0	
0.708660350802	-0.150932255874	-1.0	
0.643269453389	-0.537036636783	-1.0	
0.341303926727	-0.833746394705	-1.0	
0.591896552961	-0.619105695922	-1.0	
0.167168008568	0.215185841256	-1.0	
0.642530469057	-0.812182210186	-1.0	
0.825851520952	0.950331841988	-1.0	
0.45882548235	-0.0728002864472	-1.0	
0.717456385477	-0.11445148849	-1.0	
0.326543625991	-0.551878647761	-1.0	
-0.232837054091	-0.841774231544	-1.0	
0.0889427845832	-0.216307701666	-1.0	
0.760301532943	0.0449740949024	-1.0	
0.835351701916	0.0794739296703	-1.0	
0.0128218194359	-0.396089224637	-1.0	
0.410903013825	-0.0631524201028	-1.0	
0.443818350423	-0.934672307273	-1.0	
0.921032894282	0.409436460718	-1.0	
-0.10861081581	-0.434107757292	-1.0	
0.846125751896	-0.483620689479	-1.0	
0.250840673486	-0.840472060602	-1.0	
0.409794765031	-0.541498802845	-1.0	
0.887711241293	-0.106160185854	-1.0	
0.266757103352	0.568766541074	-1.0	
0.792770298196	0.156615152078	-1.0	
0.392409291845	-0.276314042371	-1.0	
0.944541572051	0.127778709866	-1.0	
0.844135042303	0.857298598156	-1.0	
0.416991555601	-0.752189553578	-1.0	
0.497873650165	0.0327080366631	-1.0	
0.801382768422	-0.61656410774	-1.0	
0.640844878105	0.733613986305	-1.0	
0.314069020334	-0.956235622937	-1.0	
0.552338923055	0.951156604486	-1.0	
0.999808933718	-0.72262474478	-1.0	
0.443083703324	0.628409350247	-1.0	
0.551128705749	0.609196363533	-1.0	
0.804916109239	-0.0646062900811	-1.0	
0.681744515105	0.0845535102208	-1.0	
0.552200820302	0.191401457376	-1.0	
0.0883181004395	-0.417166136615	-1.0	
0.929333062921	-0.377088560223	-1.0	
-0.0965240507457	-0.449358578393	-1.0	
0.812627964442	0.70827524309	-1.0	
0.701066742558	-0.568781870262	-1.0	
0.855459138102	-0.156953272241	-1.0	
0.557769913252	0.626219689387	-1.0	
0.926601387108	0.956794178154	-1.0	
0.462637461569	-0.55927303066	-1.0	
0.861279176662	0.45734472831	-1.0	
0.361235550239	0.788235912528	-1.0	
0.191248574114	-0.40919361427	-1.0	
0.885482524198	-0.618123537728	-1.0	
0.822902599554	-0.886929448878	-1.0	
0.426184104473	0.234028166185	-1.0	
0.364184150731	0.236718346663	-1.0	
0.793755921483	0.947030644016	-1.0	
0.966344051428	0.30898342813	-1.0	
0.532522594718	0.479090160601	-1.0	
-0.107681935499	-0.848748515379	-1.0	
0.606211222635	0.638349995836	-1.0	
-0.22551265784	-0.862533777393	-1.0	
0.644367126852	0.682137424274	-1.0	
0.827120810531	0.276799902776	-1.0	
0.32006463289	0.821946160827	-1.0	
0.211336446054	-0.588329787631	-1.0	
0.860945635196	-0.359410035387	-1.0	
0.109582523385	-0.360604191645	-1.0	
0.983976943105	-0.654023024056	-1.0	
0.631184237331	-0.627105709994	-1.0	
0.0514132551166	-0.223933535118	-1.0	
0.857739266506	0.608677865682	-1.0	
0.599810031899	0.215495370843	-1.0	
0.980348889976	-0.947275242433	-1.0	
0.334119861672	0.109872463876	-1.0	
0.879180199084	0.0169662314148	-1.0	
0.906681731948	0.47399906617	-1.0	
0.960784014501	0.895317199999	-1.0	
0.200344774713	-0.73190007324	-1.0	
0.974400135811	0.878546804016	-1.0	
0.626361312223	0.469910711555	-1.0	
0.610597378497	-0.889016528253	-1.0	
-0.00186155608247	-0.932931863736	-1.0	
0.0398859519071	-0.0248049630883	-1.0	
0.307226454798	0.246048135579	-1.0	
0.999119778709	0.0619368089708	-1.0	
0.923921402132	-0.897856702067	-1.0	
0.679723677309	-0.87558104242	-1.0	
0.577347666704	-0.77696290956	-1.0	
0.798877440644	-0.494359454092	-1.0	
0.376628608572	-0.363529359476	-1.0	
0.785226440781	-0.590449645872	-1.0	
0.710935111423	-0.546110239608	-1.0	
0.998976405598	0.402045401586	-1.0	
0.266111114921	0.45294558745	-1.0	
0.958067927195	-0.283805862055	-1.0	
0.825883642546	0.0571764390095	-1.0	
-0.0527663993282	-0.411447450428	-1.0	
0.331848650356	-0.973635245834	-1.0	
0.133247696737	-0.453750644003	-1.0	
0.278038415589	-0.366935374325	-1.0	
0.824395688992	0.891799399467	-1.0	
0.865113031703	-0.119523042056	-1.0	
0.759516146854	-0.220289831549	-1.0	
0.409874850892	0.519425868266	-1.0	
0.321933819599	-0.373107695131	-1.0	
0.858849343437	-0.610405238666	-1.0	
0.242788845699	-0.76091643532	-1.0	
0.457181648678	-0.472319981709	-1.0	
0.74166028236	-0.798181560125	-1.0	
0.88087808492	0.240732468555	-1.0	
0.953479339516	0.151142129667	-1.0	
0.132664947045	-0.733805252007	-1.0	
0.889544574593	-0.121848434885	-1.0	
0.467131600587	0.425711102393	-1.0	
0.526229344809	-0.0505413486161	-1.0	
0.662751748678	0.1665554892	-1.0	
0.754042053869	-0.0731185567801	-1.0	
0.0180445602344	-0.064671066243	-1.0	
0.937563268773	-0.104636972569	-1.0	
0.0938876017209	-0.0176619277136	-1.0	
0.610085799091	-0.786673661163	-1.0	
0.693788961258	-0.837015001763	-1.0	
0.576218638626	0.453942776443	-1.0	
0.500348659061	0.384646157623	-1.0	
0.785138362518	0.211164586308	-1.0	
0.866553670852	-0.635272051979	-1.0	
0.869594086292	-0.601892447549	-1.0	
0.613439427669	0.474731072857	-1.0	
0.837133998946	-0.289416058301	-1.0	
-0.0533858688327	-0.557584845274	-1.0	
0.138195999226	0.151112722048	-1.0	
0.596540187465	-0.253032111185	-1.0	
-0.194815104016	-0.921683977343	-1.0	
0.292317664831	-0.580842148428	-1.0	
0.59543346787	0.636065114152	-1.0	
0.585394286592	-0.473628216597	-1.0	
0.650132819202	-0.31001391649	-1.0	
0.281501529843	0.486979592436	-1.0	
0.355921676797	-0.875877859965	-1.0	
0.503173406393	0.350227859389	-1.0	
0.284558912462	-0.65724733014	-1.0	
0.830906694159	0.635099184792	-1.0	
0.0567776508078	-0.475560426586	-1.0	
0.828271862324	0.254721135967	-1.0	
0.304041646823	-0.370863109609	-1.0	
0.440651128019	-0.927391755153	-1.0	
0.439477065095	-0.877624171343	-1.0	
0.634089206153	-0.604000154716	-1.0	
0.604567697571	-0.928917266551	-1.0	
0.470801923994	-0.390958891082	-1.0	
0.562537340333	-0.113810533458	-1.0	
0.953511435497	-0.638548889371	-1.0	
0.574484295534	0.0877097601825	-1.0	
0.184166984277	0.362544587196	-1.0	
0.599232408736	0.516087468549	-1.0	
0.515787743296	-0.517415456615	-1.0	
0.809463055924	-0.41254031212	-1.0	
0.416516006663	0.240904118117	-1.0	
0.2240507253	0.217672282856	-1.0	
-0.117888793784	-0.487608925667	-1.0	
0.750179409523	0.370578058259	-1.0	
0.528643966318	-0.535495074394	-1.0	
0.856813772947	0.464822083014	-1.0	
0.429943839289	-0.462199000839	-1.0	
0.97840175544	-0.520631511321	-1.0	
0.382587477122	-0.392874743274	-1.0	
0.553353893742	-0.567099613882	-1.0	
0.357002282795	-0.1575846375	-1.0	
0.940797674579	0.61926126205	-1.0	
0.709631534398	-0.2294081471	-1.0	
0.865475539756	0.82832481159	-1.0	
0.564687306722	-0.118417987105	-1.0	
0.16861454234	-0.950023473914	-1.0	
0.532927915559	-0.491798724845	-1.0	
0.0710735399214	-0.810406193372	-1.0	
0.283946151959	-0.39784417075	-1.0	
0.98668520759	-0.825286634378	-1.0	
0.292195857857	-0.364072280362	-1.0	
0.765282839458	-0.218904494241	-1.0	
0.587603675555	0.674661405047	-1.0	
0.416908455119	-0.519067444709	-1.0	
0.473556232383	-0.0126838090517	-1.0	
0.407817040338	0.110377866455	-1.0	
0.933555001453	-0.130820651736	-1.0	
-0.237966064149	-0.841271938905	-1.0	
0.300826039395	0.419676608528	-1.0	
0.702677048447	-0.899518333665	-1.0	
0.880484259756	0.506867657167	-1.0	
0.979943490943	-0.620240794073	-1.0	
0.0620849921699	-0.389060787658	-1.0	
0.641347118061	-0.644888460516	-1.0	
0.0754223356119	-0.28069500082	-1.0	
0.268362382999	-0.600359842715	-1.0	
0.782606311125	0.0906012949681	-1.0	
0.213403015659	-0.350281369371	-1.0	
0.843262617724	0.603324842222	-1.0	
0.469280069032	-0.35098479168	-1.0	
0.865791116854	0.323102594076	-1.0	
0.324621434474	0.152295271134	-1.0	
0.481809914953	-0.158602895166	-1.0	
0.280514116115	-0.168569933788	-1.0	
0.913325077243	0.0639762707263	-1.0	
-0.0992505847132	-0.832166408757	-1.0	
0.965842309504	0.88415540697	-1.0	
0.0876554709639	-0.273947445299	-1.0	
0.848088775332	0.658490586026	-1.0	
0.939783230852	-0.515827938761	-1.0	
-0.0830050525707	-0.960038493435	-1.0	
0.475554654578	0.900436920713	-1.0	
0.414601962981	-0.132021478738	-1.0	
0.810115044709	-0.32796886258	-1.0	
0.845233575796	0.943947787087	-1.0	
0.586213087734	0.558363175728	-1.0	
0.96737934142	0.927763775505	-1.0	
0.665453149048	0.557843984233	-1.0	
0.105634553475	0.0966474672364	-1.0	
0.684177917281	-0.965893720046	-1.0	
0.807824793597	-0.544884833343	-1.0	
0.0874660539482	-0.81324089217	-1.0	
0.926672108764	0.300570996326	-1.0	
0.841147060473	0.319773101255	-1.0	
0.0594264749194	-0.313707054945	-1.0	
0.0268304890017	-0.177109750978	-1.0	
0.953686502289	0.634108224868	-1.0	
0.624307781065	0.920595180265	-1.0	
-0.114621251217	-0.454739453552	-1.0	
0.872098672577	0.361494572955	-1.0	
0.637164394662	-0.665215525732	-1.0	
0.532928305491	0.947100856614	-1.0	
0.251390870952	-0.390620211786	-1.0	
-0.0301824370276	-0.766956341482	-1.0	
0.965768903716	-0.615105699135	-1.0	
0.176916870027	-0.331451964467	-1.0	
0.881704801437	0.973236951366	-1.0	
0.809377884241	0.41358503566	-1.0	
0.899114354582	0.320167528146	-1.0	
0.865808480265	-0.0479168525304	-1.0	
0.833025690927	0.794055727832	-1.0	
0.0503204674427	-0.580466520088	-1.0	
0.687193602102	-0.464006467166	-1.0	
0.366644960803	-0.54361959888	-1.0	
0.329159894528	0.520569828952	-1.0	
-0.028287705583	-0.810632485106	-1.0	
0.925360538377	0.872712656362	-1.0	
0.971800867177	0.914531892486	-1.0	
0.724800509701	0.6099625531	-1.0	
0.825960689099	0.0529320532565	-1.0	
0.406753778835	-0.709876846455	-1.0	
0.539682938215	-0.178196965047	-1.0	
0.146835626874	-0.804648280872	-1.0	
0.348631298046	0.380962652488	-1.0	
0.140706802886	-0.0334471479348	-1.0	
0.252793879961	-0.207244200794	-1.0	
0.491916800817	-0.894680179195	-1.0	
0.328069613415	-0.514081743947	-1.0	
0.834098134425	0.95171168897	-1.0	
0.818088803379	0.134987028482	-1.0	
0.827291888918	0.925110578593	-1.0	
0.278911092996	0.640465502877	-1.0	
0.919841390092	0.0588765879386	-1.0	
0.274623453125	-0.686236516385	-1.0	
0.501542214582	0.556377932244	-1.0	
0.367357655506	-0.870489843743	-1.0	
0.836224075136	0.0557221408599	-1.0	
0.258754958156	-0.710479471632	-1.0	
0.513859106428	-0.0913786564932	-1.0	
0.543330349525	0.224860650764	-1.0	
0.351487747899	-0.0142691600094	-1.0	
0.968609061081	-0.944484332617	-1.0	
0.513272335573	0.956055191393	-1.0	
0.771896927216	-0.246620460829	-1.0	
0.637605431356	-0.824284568174	-1.0	
0.491299596938	0.801593546299	-1.0	
0.628236755024	0.786088084663	-1.0	
0.66743593162	-0.203998975182	-1.0	
0.358030975881	-0.69843434084	-1.0	
0.745755981995	0.605934281315	-1.0	
0.555558746926	0.650599726634	-1.0	
0.511550359172	-0.138912796243	-1.0	
0.653938047079	0.0690402264994	-1.0	
-0.130999174338	-0.899069828674	-1.0	
0.686585533486	-0.105951229882	-1.0	
0.614589495525	0.00756252028496	-1.0	
0.461166300823	-0.240525328718	-1.0	
0.447091341141	0.966863637465	-1.0	
0.191095541009	-0.367414832725	-1.0	
0.6384087659	0.953942839621	-1.0	
0.0691215515583	-0.0914560590201	-1.0	
0.704440680314	0.116725087865	-1.0	
0.425066704391	0.586265458114	-1.0	
0.806183186747	-0.380098253244	-1.0	
0.202502776711	-0.257197226062	-1.0	
0.580579713107	0.407658374467	-1.0	
0.330806689058	0.889318649576	-1.0	
0.284339119027	-0.0279696301532	-1.0	
0.281698627982	-0.619862398966	-1.0	
0.444878062345	-0.731313634112	-1.0	
0.686145741652	-0.498680330558	-1.0	
0.596213430946	0.224712140667	-1.0	
0.818667238066	-0.751425778497	-1.0	
0.375461939511	0.544742086508	-1.0	
0.181297844494	0.386223318268	-1.0	
0.535681603533	-0.177291039077	-1.0	
-0.251194643983	-0.962548764095	-1.0	
0.720773567133	0.805819696096	-1.0	
0.548496134067	-0.131217378397	-1.0	
0.248134985067	-0.370264759016	-1.0	
0.211515176063	-0.503307604997	-1.0	
0.799945038446	0.885129363778	-1.0	
0.962315523534	0.815131205094	-1.0	
0.412346270958	-0.328377649883	-1.0	
0.340874388432	-0.925191986568	-1.0	
0.927151667591	-0.763111822388	-1.0	
-0.159419354483	-0.676515256702	-1.0	
0.85001759986	-0.0494887435576	-1.0	
0.36407260352	0.127029820172	-1.0	
0.247930338918	0.338715222939	-1.0	
0.11593672656	-0.757902866102	-1.0	
0.716540209331	0.631101339424	-1.0	
0.747561317053	0.0607097491514	-1.0	
0.38492296697	0.60939439958	-1.0	
0.103470717175	-0.943699643247	-1.0	
0.246548706161	0.168382127074	-1.0	
-0.13192876478	-0.772660363172	-1.0	
0.44525709622	-0.816355488031	-1.0	
0.777947523726	0.911607656544	-1.0	
-0.224442026143	-0.97660215254	-1.0	
0.846865986944	-0.262459043815	-1.0	
0.93616807969	0.101574942984	-1.0	
0.651138027724	0.313338972684	-1.0	
-0.0569987604237	-0.319199234068	-1.0	
0.941029877231	-0.699878834454	-1.0	
0.402019319616	-0.810812982253	-1.0	
0.947855062226	0.718214290293	-1.0	
0.96848941624	-0.167146984986	-1.0	
0.773144021076	-0.697868798149	-1.0	
0.918439236099	0.0491493062788	-1.0	
0.931863385109	0.890798297816	-1.0	
0.752566514198	0.135917739714	-1.0	
0.215127116891	-0.735266491131	-1.0	
0.340633632509	-0.93184660341	-1.0	
0.587758605955	0.670885679125	-1.0	
-0.0466359525689	-0.897938960113	-1.0	
0.554796048623	-0.736503522303	-1.0	
0.073672836215	-0.805340539686	-1.0	
0.917804388704	0.778535792965	-1.0	
0.284894740485	-0.716253596578	-1.0	
0.956833038381	0.335824402885	-1.0	
0.379372740447	-0.217775620226	-1.0	
0.57370846651	0.97271968549	-1.0	
0.670344745039	0.620837981281	-1.0	
0.543001065945	0.0274107908074	-1.0	
0.342682181484	0.579560659823	-1.0	
0.119122486734	-0.981522162067	-1.0	
0.121216216973	0.129587892383	-1.0	
0.725568845806	-0.451158541835	-1.0	
0.456747241073	0.1400064855	-1.0	
