-0.75316917667	-0.943954162046	1.0	
0.147675209746	0.946893202045	1.0	
-0.874425603441	0.769398867118	1.0	
-0.384861042668	0.215243716684	1.0	
-0.855849955059	-0.836318119055	1.0	
-0.483704310178	-0.956456963986	1.0	
-0.526577984233	0.901525608552	1.0	
-0.593824665545	0.449827431461	1.0	
-0.65411882038	-0.614031006447	1.0	
-0.589651581292	0.532433926052	1.0	
-0.801016376222	-0.0824993637706	1.0	
-0.586627927832	-0.7875131681	1.0	
0.112630319469	0.728002511031	1.0	
-0.73123346479	0.212187098288	1.0	
-0.67243871478	0.148863912126	1.0	
-0.512815179218	0.740031092921	1.0	
-0.337531494646	0.678624032794	1.0	
-0.00389758731237	0.977738860529	1.0	
-0.533072450835	-0.259569965516	1.0	
-0.22246257789	0.635904542809	1.0	
-0.362054669378	-0.820256762675	1.0	
-0.417337998339	0.887163148835	1.0	
-0.284928762069	0.631498315304	1.0	
-0.237687290914	-0.274138888858	1.0	
-0.406669196202	0.592480581543	1.0	
-0.941512020305	0.0204074003418	1.0	
-0.972767458328	0.762887913375	1.0	
-0.102278963745	0.822866930567	1.0	
0.00727261112744	0.544373093247	1.0	
-0.0627006129417	0.659432533458	1.0	
-0.643498896052	0.219080663747	1.0	
-0.351657907597	0.655687516174	1.0	
-0.302124379361	0.265103803213	1.0	
-0.295558480281	0.642562062289	1.0	
-0.327803821875	-0.566134419818	1.0	
-0.481447887794	-0.271874151115	1.0	
-0.947660994895	0.116340646086	1.0	
-0.978073368588	-0.887722130655	1.0	
-0.425007710044	-0.578356270216	1.0	
-0.563722329194	0.68236116532	1.0	
0.0635017541361	0.55190908786	1.0	
-0.772542691533	0.28201554428	1.0	
-0.182751224778	0.523194773366	1.0	
0.259977355042	0.95062462133	1.0	
-0.31797724789	-0.129602830514	1.0	
-0.268118181275	-0.281385731762	1.0	
0.0194371925005	0.226415231412	1.0	
-0.341990610843	0.716137068105	1.0	
-0.869467990902	-0.647008298092	1.0	
-0.772824232585	0.124354436186	1.0	
-0.871208735634	-0.499042993035	1.0	
-0.0603009477809	0.919800368827	1.0	
0.0756353071785	0.445380898878	1.0	
0.112390177819	0.894396254177	1.0	
-0.75450830354	0.972289460063	1.0	
-0.814792829984	0.0886854206047	1.0	
-0.306544417754	-0.524571031382	1.0	
-0.197269571241	0.980019889925	1.0	
-0.523388110629	0.876397024106	1.0	
-0.654423538981	-0.563073375854	1.0	
-0.636952327968	-0.779250625508	1.0	
-0.0627410878477	0.45913374812	1.0	
-0.871487790196	0.652863712	1.0	
-0.80716692483	0.844222834938	1.0	
-0.00128282591283	0.927043667151	1.0	
-0.144736459215	-0.248802513735	1.0	
-0.709977549763	0.0129952341158	1.0	
-0.873812443493	-0.545454244643	1.0	
-0.135800851448	0.371740252552	1.0	
-0.837456268795	-0.0398529374926	1.0	
-0.966184550453	-0.0674671049778	1.0	
-0.320045955591	-0.599488015004	1.0	
-0.963347090053	0.766416903598	1.0	
-0.402222389697	0.38837246469	1.0	
-0.503804243819	-0.26911920148	1.0	
-0.0508543500796	0.849700214688	1.0	
-0.85239301418	-0.339115113543	1.0	
-0.294112213596	0.0440904576743	1.0	
-0.186180861682	-0.0446494974773	1.0	
-0.627774095376	0.881247069932	1.0	
-0.730662620853	0.528776330053	1.0	
-0.732050178169	0.677847040316	1.0	
0.195045376798	0.973988541411	1.0	
-0.104724281136	0.26407769181	1.0	
-0.80528513073	-0.145673182175	1.0	
-0.550607302542	0.171774380917	1.0	
-0.842402947284	-0.133491893093	1.0	
-0.42895222255	-0.910656431173	1.0	
-0.688136913211	-0.077908801077	1.0	
-0.896139595262	-0.113680766861	1.0	
-0.775394185607	0.863222372743	1.0	
0.206284434154	0.845879493325	1.0	
-0.197033615109	-0.259217199793	1.0	
0.044022481081	0.78077764632	1.0	
-0.645336614872	0.288064273705	1.0	
-0.207181053594	-0.293525254805	1.0	
-0.341942350207	0.340477345251	1.0	
-0.629029527547	0.434034460199	1.0	
-0.212901233512	-0.525986478211	1.0	
-0.923886374437	-0.715903782533	1.0	
-0.0231312332433	0.390808471056	1.0	
-0.882156983938	-0.577849213731	1.0	
0.0956512971947	0.419018439671	1.0	
-0.538802204456	0.0958662531075	1.0	
-0.445486189441	-0.922146863562	1.0	
-0.930534759755	-0.350095788299	1.0	
-0.273605802444	0.34641524207	1.0	
-0.94359374334	-0.550664013676	1.0	
-0.86118536111	0.783844673395	1.0	
-0.949518980674	-0.494685051103	1.0	
-0.760986936255	0.875809489781	1.0	
0.0408783497976	0.417396375865	1.0	
-0.235857627871	0.578228737625	1.0	
-0.21055861922	-0.32519224325	1.0	
-0.693251002281	0.68490624181	1.0	
-0.0551994614255	0.710582411882	1.0	
0.14998262542	0.834141065256	1.0	
-0.402709264675	-0.267925036288	1.0	
-0.96596238918	0.900949480291	1.0	
-0.809271438102	0.668406354185	1.0	
0.256478505877	0.953112544692	1.0	
-0.836384985278	-0.625159366818	1.0	
-0.295813196903	0.950310656589	1.0	
-0.0302180591998	0.869997385398	1.0	
-0.405307709106	0.555255156873	1.0	
-0.346672158436	0.696945588776	1.0	
-0.947095592116	-0.606820340103	1.0	
-0.602593291246	0.336920916057	1.0	
-0.718546554519	-0.236090379038	1.0	
-0.572310345007	-0.579986346938	1.0	
-0.0775871410648	0.888296060455	1.0	
-0.270685951879	-0.682076138137	1.0	
-0.359793092217	-0.108770437895	1.0	
-0.199565710338	-0.277417660249	1.0	
-0.845986890994	0.879907485099	1.0	
-0.176393038784	0.29718734931	1.0	
0.0106644800473	0.657257322988	1.0	
-0.660664481314	-0.89142636007	1.0	
-0.913215661688	0.540629815881	1.0	
-0.282742410474	0.918514156643	1.0	
0.206780519108	0.927233417189	1.0	
-0.0762066357428	0.530138462905	1.0	
-0.945241910035	-0.0580188416026	1.0	
-0.982170801444	0.121782875561	1.0	
-0.235457246415	-0.157554747595	1.0	
-0.911823988741	-0.26880992696	1.0	
-0.792167488774	0.56922648367	1.0	
-0.91874331511	0.0914394883418	1.0	
0.0245247970011	0.627759390444	1.0	
-0.889004465683	0.596262098337	1.0	
-0.740795562445	-0.438185260884	1.0	
-0.0723011319231	0.30906286653	1.0	
-0.562232336771	0.680046951662	1.0	
-0.556511828719	0.852070051457	1.0	
0.0448042662185	0.330837656981	1.0	
-0.771436912119	-0.358165383016	1.0	
-0.228280544989	0.717689829401	1.0	
0.0362394670179	0.91099904543	1.0	
-0.32142097834	-0.474621404247	1.0	
-0.657708844153	0.892949215852	1.0	
-0.756570351022	0.782121838128	1.0	
-0.638472828932	0.156488701616	1.0	
-0.577307194598	-0.618009078343	1.0	
-0.587142286319	-0.70180359403	1.0	
-0.498908941717	-0.715536182803	1.0	
-0.570126890018	-0.256408145278	1.0	
-0.691478648781	0.216266279727	1.0	
-0.947281851051	-0.572309134499	1.0	
-0.318111017149	-0.627733014461	1.0	
-0.325301798096	0.251484311856	1.0	
-0.710848452684	-0.627599736459	1.0	
-0.907831091657	0.0279602096053	1.0	
-0.956837560302	-0.148234498422	1.0	
-0.399243154807	0.371085886652	1.0	
-0.71374377795	0.771854685979	1.0	
-0.540974455108	-0.0487388716816	1.0	
-0.351628725014	-0.628318360119	1.0	
-0.462309572905	-0.589357517666	1.0	
-0.960971923111	-0.110793594068	1.0	
-0.788456382467	0.939418452807	1.0	
-0.776938394968	-0.70042592611	1.0	
-0.469069151313	0.721879070674	1.0	
-0.97969002037	0.935182299061	1.0	
-0.212407550774	0.852596580319	1.0	
0.166761601837	0.909082549896	1.0	
-0.833345582306	0.964997155807	1.0	
-0.0228029305571	0.474089312159	1.0	
-0.711075029506	-0.715678416143	1.0	
-0.511728797254	-0.90227113077	1.0	
-0.503722921752	-0.79419598596	1.0	
-0.395364509853	-0.570335417067	1.0	
-0.331103384934	-0.880654570756	1.0	
-0.658645360927	0.0825999804093	1.0	
-0.892557050489	-0.0622674144977	1.0	
-0.618408612238	-0.0919259531201	1.0	
-0.369243193875	-0.876457059792	1.0	
-0.80229522474	0.718928336488	1.0	
-0.844147585907	0.774639462273	1.0	
-0.956404418947	-0.168903472615	1.0	
0.00861529827835	0.571477521407	1.0	
-0.366687663732	-0.160801274857	1.0	
-0.337552287658	0.122490984852	1.0	
-0.27114511537	0.657653532879	1.0	
-0.706748214927	0.665650028192	1.0	
-0.0995890284669	0.983100730887	1.0	
-0.335849804168	0.00788857503364	1.0	
-0.445370598847	0.402015517071	1.0	
-0.367022830643	0.0901463175327	1.0	
-0.432482415788	-0.0069071476916	1.0	
0.03518276425	0.549133750884	1.0	
-0.726676993754	-0.158525521654	1.0	
0.152773402623	0.595052918507	1.0	
-0.595580677839	-0.63787321057	1.0	
-0.456404463072	-0.878368292842	1.0	
-0.301263640306	-0.56191223552	1.0	
-0.0971455075217	0.533766532825	1.0	
-0.247403334216	0.823652232802	1.0	
-0.857316599362	-0.551314698704	1.0	
-0.786509992479	0.264163347804	1.0	
-0.656852887986	0.449975427958	1.0	
-0.772045223956	0.0572514262743	1.0	
-0.383844736615	-0.143382558968	1.0	
-0.255451623801	0.408434427588	1.0	
-0.385772598748	-0.288626037198	1.0	
-0.144620290379	0.0832331639491	1.0	
-0.634146946496	0.382161388537	1.0	
-0.813920926054	-0.339840566445	1.0	
-0.424532251444	-0.400464532937	1.0	
-0.409555247972	0.863565623452	1.0	
-0.0699737129179	-0.0169311092962	1.0	
-0.338723955342	0.563448986325	1.0	
-0.357256273464	-0.364549509499	1.0	
-0.390254850674	0.244899396266	1.0	
-0.475855119075	0.391836788434	1.0	
-0.82566952169	0.866191358659	1.0	
-0.979565465653	0.591866144942	1.0	
-0.464655058735	0.128647131081	1.0	
-0.334210242269	0.354252338639	1.0	
0.0524356548194	0.829689741351	1.0	
-0.409265490192	0.880732684419	1.0	
-0.310540298848	-0.411381462327	1.0	
-0.559099617539	0.0766276083421	1.0	
-0.0848090252001	0.396475290542	1.0	
-0.767577448704	0.163020270928	1.0	
-0.406939472162	-0.874654431553	1.0	
-0.931554658372	0.0971195733374	1.0	
-0.761094532831	0.399403965358	1.0	
-0.692768702075	-0.0152937744989	1.0	
-0.956382673895	-0.643195265907	1.0	
-0.178876546595	-0.330169008412	1.0	
-0.524247818655	-0.64057710001	1.0	
-0.36937421472	-0.619673851599	1.0	
-0.76120459415	0.993585070959	1.0	
-0.797331032834	0.569782451547	1.0	
0.0159808273114	0.565537569958	1.0	
-0.276218773348	0.338376924751	1.0	
-0.182821416978	0.653030245057	1.0	
0.0520413573379	0.399014820909	1.0	
-0.224812823366	0.558600857265	1.0	
-0.902708060858	-0.892503231558	1.0	
-0.584800158739	0.303652618495	1.0	
-0.095315779108	-0.077114302194	1.0	
-0.769271674292	0.16452563048	1.0	
-0.545775486572	-0.617962155178	1.0	
-0.604798725213	0.306777736795	1.0	
-0.330811938153	0.090377946146	1.0	
0.162951832663	0.893524775523	1.0	
-0.770728811704	-0.598798210759	1.0	
-0.505790860626	-0.94364233477	1.0	
-0.425477653718	0.655350844922	1.0	
-0.887834883515	0.35872385693	1.0	
-0.655844363562	0.678107330337	1.0	
-0.935640085291	0.743529794358	1.0	
-0.861255115965	-0.928603111347	1.0	
-0.649478226429	-0.111982378787	1.0	
-0.493401635388	0.264988708118	1.0	
-0.821157086065	-0.0575316350938	1.0	
-0.118888633931	0.975870568747	1.0	
-0.921366013298	-0.352857335176	1.0	
0.0122424384708	0.956950588423	1.0	
-0.915341938658	0.64144949008	1.0	
-0.575896547249	0.220778126902	1.0	
-0.442605480804	0.606091654124	1.0	
-0.984104922692	0.357487164623	1.0	
-0.494450410705	0.565141559958	1.0	
-0.322747918142	-0.0176813820688	1.0	
-0.961596684133	0.445849753955	1.0	
0.247857006587	0.894752581942	1.0	
-0.231454191277	0.830704029276	1.0	
-0.108021885539	0.48820354075	1.0	
-0.239200610295	0.938769952364	1.0	
-0.588120169312	0.501300356847	1.0	
0.0074654122141	0.715806308626	1.0	
0.00270654519608	0.385409368798	1.0	
-0.505050923674	-0.3827692306	1.0	
-0.946650969972	0.0862383576649	1.0	
-0.768221113071	0.965429791111	1.0	
-0.661084314126	0.298915136018	1.0	
-0.942052625644	-0.505805792448	1.0	
-0.966463548051	0.820860463453	1.0	
-0.706282435665	0.912685502411	1.0	
-0.573014132647	0.19705097301	1.0	
-0.446911728722	-0.281331195504	1.0	
-0.944421661125	0.64789360447	1.0	
-0.45379732374	0.139426538487	1.0	
-0.0942553106916	0.250547508878	1.0	
-0.410603699983	0.0185345722299	1.0	
-0.226827759529	-0.38685904826	1.0	
-0.770186689796	0.848690156775	1.0	
-0.9185808016	-0.265531067045	1.0	
-0.99366328166	0.952220810646	1.0	
-0.448953541214	0.733210617194	1.0	
-0.307760539681	-0.242892425586	1.0	
-0.84326177138	0.398743955497	1.0	
-0.819692753076	-0.417453786694	1.0	
-0.755531774739	0.688683162171	1.0	
-0.933159446089	-0.227393883623	1.0	
-0.518161655539	0.922078128378	1.0	
-0.0128794387662	0.969211491848	1.0	
-0.653323604374	-0.321092395932	1.0	
-0.107751466988	0.78073954293	1.0	
-0.392077789073	-0.940176362622	1.0	
-0.78108762875	-0.145583428413	1.0	
0.0385385945122	0.424947966561	1.0	
-0.232906119076	-0.0714968460125	1.0	
0.0682039154466	0.956628150801	1.0	
-0.53173925439	-0.209133826939	1.0	
-0.612162575593	0.0242201888013	1.0	
-0.703479667002	-0.399855649177	1.0	
-0.716642552051	-0.194365298608	1.0	
-0.788614694717	0.589522326209	1.0	
-0.469720830885	-0.74183939425	1.0	
-0.178231635703	0.221791673848	1.0	
-0.967504852257	0.758636482889	1.0	
-0.542981854549	0.30280668985	1.0	
-0.993410410111	0.199923146282	1.0	
-0.178879679994	0.194643467208	1.0	
-0.605237471144	0.743602742821	1.0	
-0.300235853192	-0.0543734170469	1.0	
-0.411660266471	0.794071651839	1.0	
-0.360766328932	-0.0111548936196	1.0	
0.0368746765194	0.830062807168	1.0	
-0.901277277063	-0.195605977668	1.0	
-0.718109612497	-0.659006175859	1.0	
-0.0347639915898	0.377949003967	1.0	
-0.696095497429	0.0893563743121	1.0	
-0.806451587628	0.944890186577	1.0	
-0.34177776819	0.108612256699	1.0	
-0.411356954827	-0.730222071755	1.0	
-0.265586686294	0.226328285633	1.0	
-0.960633963602	0.718231565971	1.0	
-0.53755879215	-0.849614460245	1.0	
-0.690716293881	0.964248395755	1.0	
-0.967347512265	0.857945358583	1.0	
-0.216131400587	0.29771049243	1.0	
-0.519459185054	-0.724753753253	1.0	
-0.463724645552	0.0466188755643	1.0	
-0.836130421503	-0.629262516583	1.0	
-0.0744853685554	0.139302978607	1.0	
-0.223189641081	0.933034483853	1.0	
-0.475737003822	0.703589599731	1.0	
-0.572472705715	-0.328508707221	1.0	
-0.240382713746	0.752133940711	1.0	
-0.769564854502	0.561610840725	1.0	
-0.934030788896	-0.611505120288	1.0	
-0.889581656736	0.818955549382	1.0	
0.13898120699	0.84640037257	1.0	
-0.433437797436	0.697183262173	1.0	
-0.335620562192	0.462803252008	1.0	
-0.361978962032	0.194173602482	1.0	
-0.00669837148835	0.530193610346	1.0	
-0.134292637217	0.857019724545	1.0	
-0.470842151825	0.488950229219	1.0	
-0.744459864114	-0.201165797277	1.0	
0.188975911491	0.67665086887	1.0	
-0.459229036904	0.870114832823	1.0	
-0.37858691332	-0.737692470871	1.0	
-0.99088164562	-0.496601373825	1.0	
-0.859861445206	-0.162908433967	1.0	
-0.859422478672	0.0739039958987	1.0	
0.104617111072	0.5338441252	1.0	
-0.0942561172137	-0.0464308717006	1.0	
-0.332292045881	-0.815173991638	1.0	
-0.316460535322	-0.62132867913	1.0	
0.232869701195	0.945544010468	1.0	
-0.241112225026	0.488653616193	1.0	
-0.29460740073	0.63790677323	1.0	
-0.369519587782	-0.401703473259	1.0	
-0.951093836711	0.85157416393	1.0	
0.0152961104241	0.879920146501	1.0	
-0.924845698473	-0.0473830038453	1.0	
-0.54738307325	0.583753689341	1.0	
-0.51743483667	0.375318509728	1.0	
-0.631783615026	-0.938364779615	1.0	
-0.493272595923	0.770686602225	1.0	
-0.7912396187	-0.203645080388	1.0	
0.175016791563	0.78470127517	1.0	
-0.815377671864	-0.659868825647	1.0	
-0.334470141516	-0.631829349611	1.0	
0.0425608745372	0.320897167446	1.0	
-0.869574444162	-0.394621292482	1.0	
-0.825616356318	0.585392532747	1.0	
-0.230982612983	-0.525095890343	1.0	
-0.488260940969	-0.613593188657	1.0	
-0.343302144871	-0.529829449856	1.0	
-0.534781941646	-0.603277584564	1.0	
-0.639193439744	-0.724987772264	1.0	
-0.978415345246	-0.901777261407	1.0	
-0.45818556143	-0.507338459551	1.0	
-0.949974442222	0.63404197291	1.0	
-0.0475978899443	0.217524821357	1.0	
0.0578903732522	0.334139209141	1.0	
0.0303963918522	0.291171262532	1.0	
0.0641248864872	0.548956732076	1.0	
-0.382160461226	0.757319389779	1.0	
-0.631586475239	-0.728992094321	1.0	
0.119156688646	0.735979807981	1.0	
-0.708926213446	-0.0620166637247	1.0	
-0.227761136067	-0.2826088962	1.0	
-0.101268016144	0.444644266994	1.0	
-0.413134638868	0.968059672225	1.0	
-0.738028335713	-0.637106895233	1.0	
-0.797759564248	0.75437808796	1.0	
-0.254518246018	-0.150859038115	1.0	
-0.634466240103	-0.799379414336	1.0	
-0.293216222424	0.893426774296	1.0	
-0.412877836959	-0.897474429514	1.0	
-0.747194374577	0.96282717432	1.0	
-0.330422002077	0.256353450068	1.0	
-0.448517776432	0.552031769631	1.0	
-0.98585864784	-0.737252387848	1.0	
-0.821749008204	-0.290390550029	1.0	
-0.650185223671	-0.900720800429	1.0	
0.0342586458361	0.455014402811	1.0	
-0.0301292986067	0.618884754549	1.0	
-0.706118933756	0.247878645664	1.0	
-0.860160458379	0.250164715565	1.0	
-0.837080747082	-0.609613726961	1.0	
-0.886294359253	-0.904205975659	1.0	
-0.0559596345302	0.549259873169	1.0	
-0.464343284904	0.569710956834	1.0	
-0.845070618799	0.943427790189	1.0	
-0.165843058606	0.378061550806	1.0	
-0.950500956927	-0.255005664463	1.0	
-0.529371812206	-0.167054771981	1.0	
-0.382744683584	-0.787300920702	1.0	
-0.163202395543	0.688672375822	1.0	
-0.961150282611	-0.651188515298	1.0	
-0.906902194306	0.729046138699	1.0	
-0.972900377284	0.100677435474	1.0	
-0.697687549398	0.131280697948	1.0	
-0.355543258664	-0.0763314504984	1.0	
-0.613846232408	0.0357302432929	1.0	
-0.779334689085	0.753762571649	1.0	
-0.674283538702	-0.339504878796	1.0	
0.0695173519265	0.956882519718	1.0	
-0.778448918547	0.406178957026	1.0	
-0.360415317245	-0.0891944640489	1.0	
0.136998637241	0.523630168376	1.0	
-0.978122343737	0.0182842111139	1.0	
-0.543225599815	0.0430867221293	1.0	
-0.992663251389	-0.866529874925	1.0	
-0.44360468727	-0.507719087211	1.0	
-0.399016249146	0.2125637617	1.0	
0.00585371976058	0.395954156604	1.0	
-0.981620002223	-0.995273723529	1.0	
-0.92937541601	0.804832570945	1.0	
-0.500371906597	-0.586867420034	1.0	
-0.0153723129535	0.60691514494	1.0	
-0.962418130566	-0.373900496537	1.0	
-0.407805904824	-0.133648603973	1.0	
-0.544303971934	0.193909129015	1.0	
-0.011161159582	0.510765224134	1.0	
-0.450682173984	0.141889841127	1.0	
-0.363655954508	-0.740944339311	1.0	
-0.410089767983	0.62027847586	1.0	
-0.838406352026	-0.0416601909647	1.0	
-0.801162262263	-0.727518561549	1.0	
-0.930950254095	-0.350820964601	1.0	
-0.212982239064	-0.534899659608	1.0	
-0.557954281794	0.337795365554	1.0	
-0.605805524795	-0.9993683079	1.0	
-0.0714390907648	-0.0457027493412	1.0	
-0.388975107501	-0.88348256981	1.0	
-0.301165050499	-0.637877291866	1.0	
-0.827452753298	0.0949251800021	1.0	
-0.962258038601	0.151008622913	1.0	
-0.573989055401	-0.330603143381	1.0	
-0.905718430104	0.957022040409	1.0	
-0.250749414218	-0.853822840828	-1.0	
0.623512802349	-0.522313083487	-1.0	
0.837543284564	0.720137440436	-1.0	
0.408708716486	0.769039209637	-1.0	
0.173037701994	-0.845886238192	-1.0	
0.666698232356	0.295103684568	-1.0	
0.324662863462	0.816898876653	-1.0	
0.638440295885	0.0942044231068	-1.0	
0.955292033242	-0.240034627454	-1.0	
0.0507439651747	-0.775753311891	-1.0	
0.566914764596	0.909567423382	-1.0	
0.561720692636	0.862264081153	-1.0	
0.112975903157	-0.146276093021	-1.0	
0.439329373677	0.758584245971	-1.0	
0.952684058752	-0.601934499182	-1.0	
0.506997013717	0.675788457563	-1.0	
0.922360908061	0.854840176958	-1.0	
0.906043888369	0.361919084237	-1.0	
0.137738218114	-0.565587413452	-1.0	
0.155454141841	-0.520198652602	-1.0	
0.254665947347	0.411925699198	-1.0	
0.970180373558	0.348065503496	-1.0	
0.652085223853	-0.482769756601	-1.0	
0.507369423232	-0.92152788735	-1.0	
0.706781276513	-0.612645953723	-1.0	
0.479151233253	-0.283836770141	-1.0	
0.87281186003	0.13621346934	-1.0	
0.438476177416	0.526333117981	-1.0	
0.449399051572	-0.647833443451	-1.0	
0.92843698279	0.179727812066	-1.0	
0.207042022244	-0.0750379811856	-1.0	
0.826061152711	-0.995849624446	-1.0	
0.693045309887	0.257473856246	-1.0	
0.464697172358	0.479601213159	-1.0	
0.900983323182	-0.268439055898	-1.0	
-0.049910167882	-0.363472248728	-1.0	
0.816727322705	0.226060278409	-1.0	
0.424080341466	-0.33987218282	-1.0	
0.532990564376	-0.00745066869315	-1.0	
0.389633585185	0.0252532109254	-1.0	
0.5621913805	0.381519533615	-1.0	
-0.0743050791202	-0.804111424428	-1.0	
0.739321390977	0.539911068486	-1.0	
0.550958411531	-0.14910398305	-1.0	
0.708135475393	-0.928503285581	-1.0	
0.231429048901	-0.684590229744	-1.0	
-0.211683785669	-0.807184530687	-1.0	
0.655214267404	0.753637330198	-1.0	
0.172354492737	-0.58562724786	-1.0	
0.698153258468	0.626427153463	-1.0	
0.0696568171476	-0.54926188043	-1.0	
0.054577159027	-0.788068801981	-1.0	
0.736000684047	0.83147385079	-1.0	
0.0112370032549	-0.471295290512	-1.0	
0.0311890490613	-0.046037317636	-1.0	
0.170462121981	-0.891747985735	-1.0	
0.994237646831	0.689681312523	-1.0	
0.511523271923	-0.84926408247	-1.0	
0.0437690898194	0.00534800259187	-1.0	
0.371202901662	-0.0493451019999	-1.0	
0.263153213912	-0.290399976453	-1.0	
0.85896854564	-0.821265544345	-1.0	
0.606254121535	0.419466219834	-1.0	
0.704050538781	0.294402961185	-1.0	
0.784285533357	-0.0535882723993	-1.0	
0.120895594466	-0.156748435975	-1.0	
0.800309750076	0.105009385936	-1.0	
0.705274260295	-0.0291620162104	-1.0	
0.753121607434	0.9388858222	-1.0	
0.472847034779	-0.938488752732	-1.0	
0.605974073065	0.689901219995	-1.0	
0.526913476868	0.779819054548	-1.0	
0.507105783022	0.0195809766063	-1.0	
0.821291702616	-0.269388522333	-1.0	
0.284450696947	-0.515246538299	-1.0	
0.954874865371	0.237697938198	-1.0	
0.120469595877	-0.399461447998	-1.0	
0.319936256974	0.766877626004	-1.0	
-0.0905503607313	-0.797561878516	-1.0	
0.372393262412	-0.523026599002	-1.0	
0.761512336343	0.122925899023	-1.0	
0.461935117515	-0.454604384248	-1.0	
0.894574334464	-0.301982891539	-1.0	
0.669662180096	-0.801701904087	-1.0	
0.972115922578	-0.295772903161	-1.0	
-0.0961535237418	-0.475408328805	-1.0	
0.375832139924	-0.633454745029	-1.0	
-0.0161347628144	-0.422444193682	-1.0	
0.375436014424	-0.829259836389	-1.0	
0.924526530995	0.213815394571	-1.0	
0.607981231353	0.599841414451	-1.0	
0.601653129635	0.852253236503	-1.0	
-0.0369676714843	-0.223909163473	-1.0	
0.0344213933297	-0.37970769808	-1.0	
0.514783236081	-0.19726415716	-1.0	
0.678486716411	-0.996586266281	-1.0	
0.190921286197	0.000226479796675	-1.0	
0.576662425203	0.640172886978	-1.0	
0.57024036782	0.663551533019	-1.0	
0.633711890558	-0.906991211433	-1.0	
0.282750895898	-0.05191188607	-1.0	
0.653340002946	0.375836600306	-1.0	
0.704036935422	-0.7163717681	-1.0	
0.209943988272	-0.750292461536	-1.0	
0.474333232769	-0.673680143686	-1.0	
0.816824914995	0.584427850983	-1.0	
0.411305128273	0.276796219128	-1.0	
0.312464045627	0.0157461768732	-1.0	
0.976185197771	0.357719847429	-1.0	
0.901728994392	-0.183870327824	-1.0	
0.754493457859	0.433493979928	-1.0	
0.296568278566	0.52650153571	-1.0	
0.648905694123	0.06529784518	-1.0	
0.598446032627	0.915388307572	-1.0	
0.603009412742	-0.693826954753	-1.0	
0.770955111571	0.906408708124	-1.0	
0.790419533652	0.255531619992	-1.0	
0.424364097091	-0.820459192278	-1.0	
-0.0235682219034	-0.708799459077	-1.0	
-0.00514024555933	-0.721533259666	-1.0	
0.0340732175722	-0.945932948054	-1.0	
0.358874905353	0.350476553529	-1.0	
0.130051866361	-0.586177687318	-1.0	
0.700036440626	0.0582529649384	-1.0	
0.856525731578	-0.942929072227	-1.0	
-0.0209340815922	-0.95195661526	-1.0	
0.118623453972	-0.487136727871	-1.0	
0.871265105254	0.421976174066	-1.0	
0.0263900688136	-0.492439393803	-1.0	
0.883337764344	-0.0834208328372	-1.0	
0.749331992792	-0.0523252498119	-1.0	
0.596850983451	0.69340732351	-1.0	
0.665721550324	0.832090989684	-1.0	
-0.124139205501	-0.758570765703	-1.0	
0.574578251762	0.582215960141	-1.0	
0.738495765182	0.0202171020693	-1.0	
0.961723120279	-0.960654669275	-1.0	
0.488092127692	-0.400451981792	-1.0	
0.939062510848	0.514363508501	-1.0	
0.157570933196	0.102380222728	-1.0	
0.0494357441346	-0.577162722701	-1.0	
0.674183287438	-0.36430316939	-1.0	
0.302286748132	0.229585418685	-1.0	
0.914647307365	0.829988747479	-1.0	
0.687341439267	0.657304862696	-1.0	
0.670885372445	-0.819063798161	-1.0	
0.0912946527434	-0.173526083413	-1.0	
0.587482570759	-0.382160928376	-1.0	
0.683121594569	-0.304872781129	-1.0	
0.852872085452	-0.0603015876091	-1.0	
-0.13540143531	-0.884612231203	-1.0	
0.609043775129	0.900050614238	-1.0	
0.710760545906	-0.764021614671	-1.0	
0.151251723023	-0.575977040219	-1.0	
0.990371364773	-0.116298403109	-1.0	
0.505575817323	0.610828521016	-1.0	
0.287190230494	-0.704997333793	-1.0	
0.293249281143	0.485812057099	-1.0	
0.497267503941	0.254456425422	-1.0	
0.0413935169552	-0.605444129733	-1.0	
0.0348172893538	-0.461164905288	-1.0	
0.220213233253	0.0148587768329	-1.0	
0.26825359702	-0.58410121821	-1.0	
0.485249546608	0.271168482271	-1.0	
0.700522972188	-0.66034626053	-1.0	
0.922228063336	0.0267366342101	-1.0	
-0.0463735576587	-0.511523692074	-1.0	
0.81681800705	-0.718182361111	-1.0	
0.503466325926	0.865800919205	-1.0	
0.970212702153	0.391389579879	-1.0	
0.136183714234	0.224142424739	-1.0	
0.98386678275	-0.284560148192	-1.0	
0.567782891372	0.351388318894	-1.0	
0.443458177797	-0.188800148604	-1.0	
0.963562320133	-0.436419365031	-1.0	
0.446156690548	0.820125650277	-1.0	
0.965196984713	0.955866357217	-1.0	
-0.0417780007429	-0.538990915965	-1.0	
-0.102692432619	-0.739894824916	-1.0	
0.19651053608	-0.779353088454	-1.0	
0.0282257607984	-0.121957912563	-1.0	
0.787384371508	-0.0652684160084	-1.0	
0.157236650097	-0.522261182601	-1.0	
0.360105271951	-0.900390630036	-1.0	
0.461405680018	0.842651525437	-1.0	
0.336568086592	0.67462977626	-1.0	
0.658560494902	-0.474370126675	-1.0	
0.614424975155	0.214512451483	-1.0	
0.540715635388	0.948984848829	-1.0	
0.65469365102	-0.749343058328	-1.0	
0.63457465366	0.561678301214	-1.0	
0.672210275399	-0.779628678214	-1.0	
0.504256141566	-0.675060298754	-1.0	
0.484405171429	-0.477434863907	-1.0	
0.162283866254	-0.981281800039	-1.0	
0.815431416148	-0.890244764812	-1.0	
0.39453163359	0.13510928977	-1.0	
0.509281433791	0.327318809756	-1.0	
0.345423867435	0.499011169225	-1.0	
0.0486731009026	-0.965965694523	-1.0	
0.778268346549	0.187018167888	-1.0	
0.319559565627	-0.318455836365	-1.0	
0.730856338587	-0.657598153082	-1.0	
0.241521897639	0.245412743094	-1.0	
0.454184610126	-0.861067756013	-1.0	
0.882984843877	-0.272788570124	-1.0	
0.685036617149	0.311069862297	-1.0	
0.816035913861	-0.497700536626	-1.0	
0.283393349756	-0.302972294973	-1.0	
0.725882547696	0.463700762439	-1.0	
0.535142114211	-0.340805670736	-1.0	
0.309656717697	-0.45841469495	-1.0	
0.787512311443	0.355890305634	-1.0	
0.129324198289	-0.78597180525	-1.0	
0.886454543475	0.16826411233	-1.0	
0.119078966979	-0.126018572726	-1.0	
0.361218745458	-0.58315900363	-1.0	
0.493149198683	-0.0455924180025	-1.0	
0.780085715318	0.617739389719	-1.0	
0.277503615974	-0.143684546736	-1.0	
0.860833856989	0.740679232645	-1.0	
0.221094506377	-0.725822486672	-1.0	
0.872004810228	-0.0840698926783	-1.0	
0.502281578293	-0.298666135876	-1.0	
0.468913581684	-0.839711659124	-1.0	
0.230357957647	-0.987509304619	-1.0	
0.536248482221	0.886061111796	-1.0	
0.229673409835	-0.993823473027	-1.0	
0.27597939374	0.572567534768	-1.0	
0.645187340947	0.997092172776	-1.0	
0.367591022246	0.919171179904	-1.0	
0.998276410483	0.35926696525	-1.0	
0.283370198227	0.220180725664	-1.0	
0.944029752869	-0.600287230874	-1.0	
-0.157673005844	-0.605074574032	-1.0	
0.0933130662501	-0.155009350426	-1.0	
0.348897546031	-0.386128560848	-1.0	
0.14915357486	-0.729671423944	-1.0	
0.354176221609	-0.0580517376741	-1.0	
0.715842394726	-0.00529174120767	-1.0	
0.973667436997	-0.595699013219	-1.0	
0.10730039177	-0.935377764785	-1.0	
0.49211283628	-0.499396894346	-1.0	
0.621599775915	0.363682930108	-1.0	
0.628212253567	0.502257602044	-1.0	
0.655156811359	0.250880411239	-1.0	
0.0442462081761	-0.291505522662	-1.0	
-0.000532574148216	-0.544624563428	-1.0	
0.234779083686	-0.701969301767	-1.0	
0.87244933364	0.620250410179	-1.0	
0.411329293089	0.0934139375608	-1.0	
0.0507473656314	-0.753145980132	-1.0	
0.427132210889	-0.444725954178	-1.0	
0.1849871036	-0.817294037581	-1.0	
0.160703236945	-0.251030271894	-1.0	
0.947474293942	0.406314063548	-1.0	
0.640576795051	0.142971797388	-1.0	
0.969074613974	0.712286775563	-1.0	
0.630923899241	0.381238498125	-1.0	
0.454624884773	0.178071099369	-1.0	
0.344339895635	0.803801996845	-1.0	
0.857427531336	-0.940804246509	-1.0	
0.336338274144	0.449576896739	-1.0	
0.248301594118	0.643050745967	-1.0	
0.62977963919	-0.27651400258	-1.0	
0.967498749933	0.0512227002753	-1.0	
0.866556647606	0.297240554721	-1.0	
0.766329738096	-0.5012767827	-1.0	
0.880478111227	-0.0342416302625	-1.0	
0.422045880709	0.0743183496277	-1.0	
0.629310538318	0.521745125471	-1.0	
0.622638574416	-0.2060893673	-1.0	
0.865830377024	0.695898057978	-1.0	
0.741241790368	-0.223850570385	-1.0	
0.0247052270043	-0.679109537146	-1.0	
0.731464327471	0.0511142253528	-1.0	
0.596323362133	-0.147479012186	-1.0	
0.422816687599	0.598285493562	-1.0	
0.308396700232	-0.832251174416	-1.0	
0.80744683928	0.284511741656	-1.0	
0.549870802391	0.906766991116	-1.0	
0.609732181362	0.496589165976	-1.0	
-0.0366801018389	-0.916192524166	-1.0	
0.212766489131	-0.457942906308	-1.0	
0.0533018839266	-0.536283111511	-1.0	
0.181794042927	-0.714399677592	-1.0	
0.458480112995	-0.317230413719	-1.0	
0.723239064998	-0.439478497487	-1.0	
0.413499137769	-0.686518198323	-1.0	
0.717528670433	0.341260534252	-1.0	
0.36631077242	0.776982174196	-1.0	
0.421697396819	0.984046133021	-1.0	
0.563184038235	0.124564749407	-1.0	
0.345665595108	-0.880731997866	-1.0	
0.14350304854	-0.629498427754	-1.0	
0.485162927148	-0.812554951607	-1.0	
0.955867432313	-0.832395957052	-1.0	
0.996038681764	-0.77852121319	-1.0	
0.584403453219	-0.0643801286743	-1.0	
-0.114888394432	-0.523415821996	-1.0	
0.454658409175	-0.319423853814	-1.0	
0.804929050181	-0.528879768844	-1.0	
0.375343719186	0.071684002704	-1.0	
0.41944475821	0.735829516745	-1.0	
0.812481991964	0.55736946558	-1.0	
0.910364868563	0.366378491753	-1.0	
0.358627896496	0.426883387919	-1.0	
0.682245305496	-0.23956948108	-1.0	
0.283542470535	0.249466070169	-1.0	
0.544414002679	-0.850396558818	-1.0	
0.542884827866	-0.889394290049	-1.0	
0.0459462337261	-0.174355192944	-1.0	
0.0583479438806	-0.440900999487	-1.0	
0.746670982051	0.909606067546	-1.0	
0.750696833872	-0.731759996315	-1.0	
0.759516952714	0.229845359088	-1.0	
0.207798730364	-0.857645863047	-1.0	
0.752603119121	-0.955278419506	-1.0	
0.260400286185	-0.574385220408	-1.0	
0.104294061846	-0.525577354587	-1.0	
0.587935863549	-0.775750173195	-1.0	
0.931176075834	0.802282398867	-1.0	
0.983093483916	-0.260828081952	-1.0	
0.950968360801	-0.118558411292	-1.0	
0.885862701533	-0.921210723382	-1.0	
0.314122524227	0.321124119285	-1.0	
0.860101202994	0.367454370433	-1.0	
0.582169613269	-0.954451330281	-1.0	
0.534363756338	-0.618783888208	-1.0	
0.600497550702	-0.28652917973	-1.0	
0.482346131384	-0.414874973137	-1.0	
0.217742004223	0.367772565863	-1.0	
0.24941624922	-0.459197873277	-1.0	
0.575702665089	-0.344380440224	-1.0	
0.799879983228	-0.00353562643192	-1.0	
0.572036798994	0.413177757133	-1.0	
0.817367353744	0.374326478356	-1.0	
0.0832381525255	-0.713048636342	-1.0	
0.144009685498	0.173516634721	-1.0	
0.460163475695	0.531241511579	-1.0	
0.351409374847	-0.499372673629	-1.0	
0.635866510002	-0.205072449285	-1.0	
0.488328648133	0.647307387689	-1.0	
0.13002656726	-0.564457213501	-1.0	
0.383305682657	0.041644732396	-1.0	
0.437159098478	-0.577261316992	-1.0	
0.765954452881	0.847049301651	-1.0	
0.17735638157	-0.25466461795	-1.0	
0.0880434257039	0.0540765604474	-1.0	
0.229088790943	-0.0132012619925	-1.0	
0.585299040674	0.105366923029	-1.0	
0.117266844269	-0.86884698394	-1.0	
0.0972227452984	-0.527604515686	-1.0	
0.988675975515	-0.469309517328	-1.0	
0.909859360797	-0.129501204464	-1.0	
0.219500473691	0.324271722743	-1.0	
0.133169955326	0.0880169747832	-1.0	
0.580310910054	0.982240624417	-1.0	
0.575312795495	-0.794861931484	-1.0	
0.467483633582	0.743490968906	-1.0	
0.904302266986	-0.963563971067	-1.0	
0.916624176088	0.610139289252	-1.0	
0.555256851197	0.528918502406	-1.0	
0.973654398252	0.811834298071	-1.0	
0.816345588995	-0.866164346703	-1.0	
0.730031427582	-0.695544570134	-1.0	
0.305976014765	-0.211438749143	-1.0	
0.78768744213	0.252429628378	-1.0	
0.314355634451	-0.197136613884	-1.0	
0.430660799152	-0.631935817849	-1.0	
0.686029229783	0.489592364152	-1.0	
0.81864898872	0.138132481388	-1.0	
0.603276398292	-0.747022122299	-1.0	
0.957897114718	0.275185642238	-1.0	
0.695034677653	0.619348350486	-1.0	
0.816839689811	0.273025052052	-1.0	
0.991900324326	-0.994031458303	-1.0	
0.957818142285	0.522702943669	-1.0	
0.89266975601	-0.986917447759	-1.0	
0.961252012323	0.542878358562	-1.0	
0.31340466105	0.267642391895	-1.0	
0.747010945568	0.824190471853	-1.0	
0.749025580508	-0.23150823044	-1.0	
0.529273363552	-0.926723406121	-1.0	
0.484428767298	0.216434279524	-1.0	
0.0143911987014	-0.499644694628	-1.0	
0.573004144176	0.606742275929	-1.0	
0.490107452895	-0.081456290137	-1.0	
0.707634753402	0.306846195522	-1.0	
0.64606101693	0.00953052167825	-1.0	
0.7551985666	-0.609168348893	-1.0	
-0.0120652744322	-0.711354560864	-1.0	
-0.211228142077	-0.931727332499	-1.0	
0.420982112678	0.210977040627	-1.0	
0.276995043435	-0.476169980562	-1.0	
0.77795608711	-0.783723559502	-1.0	
0.038882932351	-0.593665948745	-1.0	
0.843620006561	0.488540614605	-1.0	
0.202960417638	0.256521571514	-1.0	
0.787524568437	-0.301713776336	-1.0	
0.125908468337	-0.844943208993	-1.0	
0.668715943219	0.890341766677	-1.0	
0.752277783109	-0.799505319166	-1.0	
0.334326075157	-0.967367746291	-1.0	
0.557142598243	-0.314044921206	-1.0	
0.0102226179584	-0.779278090547	-1.0	
0.615131763621	0.848594658994	-1.0	
0.601109012508	0.315805818616	-1.0	
0.509812859457	-0.332195897272	-1.0	
0.329998791754	-0.52743423293	-1.0	
0.422530880987	0.675878297145	-1.0	
0.343982816091	-0.249586315329	-1.0	
0.66826506748	-0.358510243913	-1.0	
0.24938976524	0.321496110694	-1.0	
0.547952897648	-0.110895264954	-1.0	
0.347068315223	0.387559510286	-1.0	
0.632421281505	0.549815534081	-1.0	
0.643979994608	-0.0524663861996	-1.0	
0.165176742114	-0.408542932402	-1.0	
0.618924882792	-0.619787333183	-1.0	
-0.00111174230154	-0.69973257338	-1.0	
0.752136309463	0.116739097043	-1.0	
0.0828353291385	-0.941579387996	-1.0	
0.0882566210645	-0.943710934124	-1.0	
0.13412234965	0.135444796403	-1.0	
0.931808500049	-0.22053019466	-1.0	
-0.0441005354422	-0.895787848334	-1.0	
-0.0736219329957	-0.790168300357	-1.0	
0.453849220079	0.570161610826	-1.0	
0.891368072455	-0.968179607492	-1.0	
0.433188148249	-0.508927784148	-1.0	
0.942230840838	0.047672571326	-1.0	
0.861859278301	-0.163596013624	-1.0	
0.246025699509	-0.658286124844	-1.0	
0.379308516437	0.0538432691995	-1.0	
0.276809906696	-0.13438822272	-1.0	
0.39396115256	-0.972821777752	-1.0	
0.0958668213007	-0.231189779498	-1.0	
0.508041966104	-0.663883789476	-1.0	
0.954456964825	-0.930592430184	-1.0	
0.19093792155	-0.284004115483	-1.0	
0.100538874996	-0.111188303922	-1.0	
0.2761943692	0.115007710924	-1.0	
0.795839429448	0.904925508207	-1.0	
0.0268572195795	-0.301603818529	-1.0	
0.801210975528	0.239174274735	-1.0	
0.705178316124	0.780940571653	-1.0	
0.972093180182	-0.827195513315	-1.0	
0.450219665177	0.0298079722603	-1.0	
0.539457574874	0.165122154605	-1.0	
0.767101338018	-0.492380461283	-1.0	
0.285520820918	-0.399165631429	-1.0	
0.364433525821	-0.904367901596	-1.0	
0.536528181914	-0.0497478093047	-1.0	
0.896108427203	-0.49762868766	-1.0	
0.760229343621	0.275895926654	-1.0	
0.798512907334	-0.841999280554	-1.0	
0.635373151756	0.929752519906	-1.0	
0.488260565588	-0.73580334792	-1.0	
