-0.224013668097	-0.500796489665	1.0	
-0.678335684827	-0.881267977517	1.0	
-0.287896446569	0.146988853827	1.0	
-0.772476306511	0.762470456477	1.0	
-0.656629879327	0.985064023145	1.0	
-0.356146387281	0.885397976248	1.0	
-0.242572333057	0.689064845124	-1	
-0.536119078605	-0.809133592255	1.0	
-0.976747654502	0.610071434819	1.0	
-0.11007168235	0.271763268097	1.0	
-0.414332272837	-0.9488075597	1.0	
-0.245841556484	0.846902198646	1.0	
-0.0850585673055	0.888698150522	1.0	
-0.884911932521	0.180820909456	1.0	
-0.993726092926	-0.887784544379	1.0	
-0.238684067595	0.478489760551	1.0	
-0.831010942249	0.998706507214	1.0	
-0.0887647905035	0.437191150583	-1	
-0.130413727798	0.379374940684	1.0	
-0.605891940711	0.840244126159	1.0	
-0.623372294349	-0.71571024197	1.0	
-0.926769603925	0.799497487836	1.0	
-0.757640813625	-0.294181618464	1.0	
-0.785755620463	-0.824479042429	1.0	
-0.798085295639	-0.886376190056	1.0	
-0.807421616159	0.568585118764	1.0	
-0.631202299678	0.188604962847	1.0	
-0.267681453815	-0.5061344146	1.0	
-0.130921018528	-0.0214004827962	1.0	
-0.493390852171	-0.745676875481	1.0	
-0.93585599724	-0.786867547019	1.0	
-0.710843800628	0.48036207245	1.0	
-0.127226390817	0.499917710596	1.0	
-0.669831454331	-0.695582100036	1.0	
-0.336171780134	0.774274098125	1.0	
-0.639874346679	0.554498499625	1.0	
-0.00820896278144	0.742052742569	-1	
-0.183714881404	0.175185886155	-1	
-0.332854840672	0.453441372572	1.0	
-0.305390518918	0.00504571022335	1.0	
-0.252605762078	-0.323270382437	-1	
-0.580558176656	-0.638870894548	1.0	
-0.988583443347	-0.0988109767105	1.0	
-0.702055038318	-0.767555139568	1.0	
-0.992973860496	0.173883913995	1.0	
-0.94604762237	-0.190963933461	1.0	
-0.322355230465	0.236585114093	1.0	
-0.355546531787	0.231281296964	1.0	
-0.284240439005	0.0142216947659	1.0	
-0.572355096994	0.656025281891	1.0	
-0.23373044114	0.432017937129	1.0	
-0.71683559667	0.893155851978	1.0	
0.139265096877	0.847280558043	1.0	
-0.134074286837	0.682207438626	-1	
0.165733972965	0.928596642646	1.0	
-0.748195756461	0.907034240904	1.0	
0.201073341541	0.979304933837	1.0	
-0.513643802506	0.529351176064	1.0	
-0.744268218026	-0.242020566687	1.0	
-0.767158244892	-0.721434928856	-1	
-0.692828450317	0.364137208088	1.0	
-0.418881724021	-0.711741909449	1.0	
0.0203719655371	0.22776844048	-1	
-0.295368947921	0.347741705105	1.0	
-0.718511809755	0.553861716644	1.0	
-0.0412427681415	0.305523224464	-1	
-0.400318287878	-0.52567190022	-1	
-0.581455868043	0.365700395433	1.0	
-0.613398309134	-0.743045051953	1.0	
-0.485781093307	-0.171975809785	1.0	
-0.775087793892	0.137972445839	1.0	
-0.940189517484	-0.203450350125	1.0	
0.0149082334536	0.531388924655	1.0	
-0.745121643846	-0.527717487111	1.0	
-0.916875951756	-0.288095552447	1.0	
-0.866661422654	0.69852245418	1.0	
-0.0827857408553	0.208861732285	1.0	
-0.210681747873	0.331756582835	1.0	
-0.346126054971	0.436233439599	1.0	
-0.835061045686	0.241728658071	1.0	
-0.447685758962	0.689108379265	1.0	
-0.902670459323	-0.466886664323	1.0	
-0.14036132775	-0.0885479822851	1.0	
-0.740229550062	-0.310549633132	1.0	
-0.453568463943	-0.610234628988	1.0	
0.162311892584	0.8408421055	-1	
-0.10953732664	0.139350564641	1.0	
-0.927903489679	0.593840576648	1.0	
-0.86485663919	-0.779829216618	1.0	
-0.965456457063	-0.384699423989	1.0	
-0.769672553351	0.448302545478	1.0	
-0.390370968925	-0.417978868564	1.0	
-0.661670560496	-0.0571598193238	-1	
-0.268753262466	-0.308705806844	1.0	
-0.711987406975	-0.0323512272283	1.0	
-0.247416912629	0.0683237424163	-1	
-0.980571602222	0.596217240745	1.0	
-0.795697389565	-0.500081633793	1.0	
-0.0887752978383	0.920919258747	1.0	
-0.158028119511	-0.348844074982	1.0	
-0.78016742714	0.899944277207	1.0	
-0.591551240394	-0.449099341317	1.0	
-0.496635480987	0.050625670413	1.0	
-0.644064173343	0.00212750980537	1.0	
-0.394615661547	0.753725705935	1.0	
-0.979170140871	0.599187339847	1.0	
-0.439163735325	-0.83750802065	-1	
-0.210505775573	0.446737291929	1.0	
-0.919863321367	0.541601850561	1.0	
-0.223933019242	-0.228493982864	1.0	
-0.405901627849	-0.849692332689	1.0	
-0.345962763429	0.575859573471	1.0	
-0.56517578291	0.963318655873	1.0	
-0.751017530562	-0.116818748778	1.0	
-0.0538334405853	0.806766600044	1.0	
-0.0199429365516	0.283228261215	1.0	
-0.436019572816	-0.78946973458	1.0	
-0.684293783265	-0.190147558695	1.0	
-0.578508694158	-0.639420442399	1.0	
-0.863610211701	-0.595385990906	1.0	
-0.330213207195	0.137155611972	1.0	
-0.671552907511	-0.575999094927	1.0	
-0.621220822558	0.40863779312	1.0	
-0.339190231375	0.119685578201	1.0	
-0.781979364385	-0.522808763335	1.0	
-0.905096910234	0.601485246352	1.0	
-0.785176824731	0.267404806615	1.0	
-0.813285655913	0.510022318385	1.0	
-0.439778192385	-0.2276956294	1.0	
-0.890607873439	0.482565438736	-1	
0.193327905353	0.991078857394	1.0	
-0.850412871377	-0.0786495261501	1.0	
-0.616321499866	0.755818632058	1.0	
-0.742670102008	0.0106104843469	1.0	
-0.888520720302	0.619654647475	1.0	
-0.45557588532	0.737204954825	1.0	
-0.516520758526	-0.489142094756	1.0	
-0.814272811947	-0.243235699793	1.0	
-0.500427891857	0.114910280366	1.0	
-0.541750854924	-0.871676482606	1.0	
-0.901215332004	0.363973665847	-1	
-0.564429652026	-0.978099031622	1.0	
-0.126754399969	0.991333089506	1.0	
-0.641312694294	-0.865265263247	1.0	
-0.427804033937	0.540014003783	1.0	
-0.595011786123	0.843529344571	1.0	
-0.963203410223	-0.578419583816	1.0	
-0.606587140105	0.889395073443	1.0	
-0.405843970608	-0.932974883342	1.0	
-0.274142795257	-0.665165490491	1.0	
-0.940008296301	0.65116627607	1.0	
-0.554493613632	0.196099197345	-1	
0.117123107892	0.823725062305	1.0	
-0.981600804196	-0.39391298722	1.0	
-0.405541117458	-0.977119167919	1.0	
-0.935068013523	0.757725072175	1.0	
-0.984273872964	0.502980906414	1.0	
-0.976376791209	0.111760463295	1.0	
-0.501471327767	0.0541369527512	1.0	
-0.790759701856	-0.964510942774	1.0	
-0.53506805568	0.308024675462	1.0	
-0.825535195172	0.153584388978	1.0	
-0.421468752334	0.466415354224	1.0	
-0.590035181043	-0.514025160322	1.0	
-0.224854748285	-0.139091195343	1.0	
-0.856783372422	-0.227427536151	1.0	
-0.0640585977942	0.447860552095	-1	
-0.808710107531	-0.817938238788	1.0	
-0.252019332009	0.827279693495	1.0	
-0.759133825679	-0.495761435392	1.0	
-0.464803477522	-0.674932568982	1.0	
-0.468865185053	-0.337290827366	1.0	
-0.624102753285	-0.370887644299	1.0	
-0.583403798754	-0.778353546007	1.0	
-0.995077230714	-0.880350082966	1.0	
-0.4659499232	0.889281317755	-1	
-0.00404181717226	0.344805642617	1.0	
-0.893611761233	0.587429170121	1.0	
-0.544756978258	-0.0630056331044	1.0	
-0.789020198541	0.356654418998	-1	
-0.80930903459	-0.230158939708	1.0	
-0.419616437903	0.57377026743	-1	
-0.349348093015	-0.928545022905	1.0	
-0.910686621865	0.468197518354	1.0	
-0.295346395145	0.347261913131	1.0	
-0.929694152303	-0.97817957663	-1	
-0.264061204092	-0.255749986271	1.0	
-0.562122683438	-0.325752871106	1.0	
-0.999108030704	0.574194230944	1.0	
-0.847160225334	-0.198800725721	1.0	
-0.296625814863	0.745082596256	1.0	
-0.737236776275	0.077231801464	1.0	
-0.950695949913	-0.912093138682	1.0	
0.0274500897668	0.541481991327	1.0	
0.050507346945	0.361440263536	1.0	
-0.0278314748407	0.165044193185	1.0	
-0.751248928814	0.657265482389	-1	
0.273248904438	0.990644516103	1.0	
-0.670252131194	-0.510472713493	1.0	
-0.592776745724	-0.882982279678	1.0	
-0.627978027034	-0.566208082729	1.0	
0.127804862413	0.750912968033	1.0	
-0.710602797038	0.164424698657	1.0	
-0.458014610673	-0.464382189234	1.0	
-0.763915980242	0.384482486906	1.0	
-0.91827523206	-0.34757688443	1.0	
-0.895914890657	-0.0980154027804	-1	
-0.991068468072	0.582730575085	1.0	
-0.989304263482	0.403419350255	1.0	
-0.352185034286	0.429266181078	1.0	
-0.838251660889	0.303628625948	1.0	
-0.0741127515923	0.240372597239	1.0	
-0.728895420712	0.923929444985	1.0	
-0.485544441783	0.292831326282	1.0	
-0.610673647187	0.101104387833	1.0	
-0.419805075228	0.0133358699156	1.0	
-0.827380473075	-0.551994256964	-1	
-0.749392424314	0.566149753336	1.0	
-0.376357755906	-0.00787972942518	1.0	
-0.230032128184	0.995095348257	1.0	
-0.484413349782	0.272891175406	1.0	
-0.461626945688	0.383194929563	1.0	
-0.0760531597623	0.819839051451	1.0	
-0.808180579	0.86124394854	-1	
-0.864893900357	-0.464101354673	1.0	
-0.066922292505	-0.0584672867397	1.0	
-0.474152109951	-0.689591550277	1.0	
-0.385652494143	0.690153390949	1.0	
-0.973932292652	-0.758097381849	1.0	
-0.779743674268	0.272591913625	-1	
-0.261244782453	-0.497948989584	1.0	
-0.897220063531	-0.718793849526	1.0	
-0.536908111156	-0.448981308648	1.0	
-0.160901813466	-0.268015391321	1.0	
-0.170902367826	0.618526339313	1.0	
-0.463033279667	-0.111262669256	1.0	
-0.97349773851	0.513329320759	1.0	
-0.710004976986	0.372963819723	1.0	
0.0891398130664	0.529157377371	1.0	
-0.154970183097	-0.0294220746102	1.0	
-0.766692589511	-0.806075233696	1.0	
-0.810531915279	-0.273595299565	1.0	
-0.955166503011	-0.89652012272	1.0	
-0.574110459666	0.480348619057	1.0	
-0.306596301265	0.112019404518	1.0	
-0.89986214788	-0.181323228691	1.0	
-0.32561390072	0.186164330136	1.0	
-0.295964202624	0.163993685997	1.0	
-0.620981248702	-0.70040529579	1.0	
0.000844820509305	0.324273023194	1.0	
-0.0813895789187	0.107197694055	1.0	
-0.73431225642	0.704819242576	1.0	
-0.783184479319	-0.29867670045	1.0	
-0.873507117674	-0.16453541485	1.0	
-0.422585080331	0.284646145739	1.0	
-0.610539067165	0.750259858344	1.0	
0.163121935416	0.593267929079	1.0	
-0.280828672609	-0.387213343265	-1	
-0.900869382145	0.536349691404	1.0	
-0.499394099476	0.389860215616	1.0	
-0.115612541976	0.161899351151	1.0	
-0.848294384442	-0.525435550156	1.0	
-0.12211643255	0.864516949304	1.0	
-0.637431174317	0.247636336642	1.0	
-0.954266351226	-0.878208312153	1.0	
-0.369378602259	-0.781865863184	1.0	
-0.931010844887	0.94867829754	1.0	
-0.934292354161	0.335018655629	1.0	
-0.321145607986	-0.490330363669	1.0	
-0.70428045701	-0.572342867163	1.0	
-0.590932381136	0.339831909341	-1	
-0.00309013347046	0.538063717379	1.0	
-0.626989404679	-0.348163392696	1.0	
-0.783154947286	-0.211581240549	-1	
-0.689803970209	-0.653858446145	1.0	
-0.291890190913	0.0635100549471	1.0	
-0.926034256725	0.0376745430747	1.0	
-0.507586111083	0.216723480269	-1	
-0.595875715224	-0.957831419096	1.0	
-0.338552467558	0.121488082016	1.0	
-0.287638799464	0.483279881397	1.0	
-0.33224192735	0.0598321362417	-1	
-0.680604338305	0.841598149992	1.0	
-0.338872502124	-0.0333351756472	1.0	
-0.0320714233147	0.499970155222	1.0	
-0.641696313151	0.320558539643	1.0	
-0.898347320857	0.288460697041	1.0	
-0.870423064016	-0.398723788661	1.0	
-0.930886869337	-0.121312027795	1.0	
-0.873998387993	-0.390970905957	1.0	
-0.66543981516	-0.617710920086	1.0	
-0.867151926729	0.905012127263	1.0	
-0.365848897731	0.0990149148903	1.0	
-0.477190114267	-0.779644794641	1.0	
-0.549814208552	-0.0353802368351	1.0	
-0.219056892045	0.565006936909	1.0	
-0.747553151519	0.185500921781	1.0	
-0.112544930784	0.586201899822	1.0	
-0.791826537097	-0.406759154345	1.0	
-0.229448963749	0.795429584965	1.0	
-0.677434521894	-0.311388750891	1.0	
-0.0548599500038	0.580394822874	1.0	
-0.988398254978	0.629947602381	1.0	
-0.271249814711	-0.383950395649	1.0	
-0.155180222879	0.216848847936	1.0	
-0.43967580256	0.00364932936924	1.0	
-0.871289551788	-0.621403084828	1.0	
-0.228679280161	-0.495793395829	1.0	
-0.391767433985	-0.682316439333	-1	
-0.330531734387	0.555327560129	1.0	
-0.39893499341	-0.233845693385	1.0	
-0.540766509447	0.388237347729	1.0	
-0.351812033525	-0.836678528918	1.0	
0.0184797422517	0.483890265661	1.0	
-0.328743915902	0.219949794166	1.0	
-0.383565931213	-0.035925289918	1.0	
-0.630384188139	-0.638825638651	1.0	
-0.339830437602	-0.544209578166	1.0	
-0.23230388679	-0.364457345522	1.0	
0.0115538106862	0.700946401163	1.0	
-0.566616430459	0.970738926879	1.0	
-0.58377203813	-0.319213935137	1.0	
-0.635732173598	-0.84816792145	-1	
-0.957936052157	0.313956905568	-1	
-0.358373942274	0.124906817981	1.0	
0.122142292141	0.551105237797	-1	
-0.520997962082	0.328937560363	1.0	
-0.95453380082	0.903715951554	-1	
-0.958581730609	-0.264753382291	1.0	
-0.802186553069	-0.306349112	1.0	
-0.911038478313	0.28093592834	1.0	
-0.891274507259	-0.317534926164	1.0	
-0.217730449041	-0.058180858149	1.0	
-0.0489580533413	0.146867764821	1.0	
-0.0342067594215	0.240695068577	1.0	
-0.716791673748	0.846550453201	1.0	
-0.000723226430607	0.764377785521	1.0	
-0.063264168058	0.46626456095	1.0	
-0.705711284182	0.564457233744	1.0	
-0.376665198747	0.865852351006	1.0	
-0.473973581871	0.143964497814	1.0	
-0.829897265629	-0.489365732623	1.0	
-0.215687920318	0.14692491403	1.0	
-0.73619285582	0.403427616128	1.0	
-0.0415479314724	0.673628506653	1.0	
-0.23286086754	-0.025845191877	1.0	
0.0909848033107	0.800163317848	1.0	
-0.710721419653	-0.117345997243	1.0	
-0.617687133607	-0.791828531913	1.0	
0.221467043712	0.934745287057	1.0	
0.17755819055	0.686367587321	1.0	
-0.383228033627	-0.546512455552	1.0	
-0.698819631768	-0.928103775959	1.0	
-0.752316440596	0.613411538035	1.0	
-0.391428281531	0.0403233806029	1.0	
-0.368205690118	-0.719031167279	1.0	
-0.384448495426	-0.334703284108	1.0	
0.0260231583025	0.485147240343	1.0	
0.0172384456394	0.902826521174	1.0	
-0.481160811322	-0.906473225484	1.0	
-0.117264869565	0.549839612989	1.0	
0.0625529583335	0.90848885532	1.0	
-0.656412246276	-0.112855431989	1.0	
-0.150475845332	0.850701831477	1.0	
-0.328067125975	-0.0463407103558	1.0	
-0.627058657024	0.0209409043553	1.0	
-0.360204341513	-0.184167550719	1.0	
-0.783405778275	-0.796834710839	1.0	
-0.719490350052	-0.500799814631	1.0	
-0.173938426569	0.798098521106	1.0	
-0.187972059342	0.176724918363	1.0	
-0.543976317388	0.682670958827	-1	
-0.490563119693	0.743078547814	1.0	
-0.959780233982	0.453830375678	1.0	
-0.185689080015	-0.333602765205	1.0	
-0.626676443921	-0.72244420217	1.0	
-0.171631941982	-0.202066519396	1.0	
-0.432388800192	-0.284170460495	1.0	
-0.979549864158	-0.39096625794	1.0	
-0.105019903344	0.26429368717	1.0	
-0.500816920004	0.713839245572	1.0	
-0.44071585088	0.746029739594	1.0	
0.0527554664739	0.740743639866	1.0	
-0.554491618666	0.754609401638	1.0	
-0.779843393684	-0.114028770869	1.0	
-0.403066753094	0.0998789398039	-1	
-0.424229096968	-0.0831161965842	1.0	
-0.0355819660784	0.571866051001	1.0	
0.107236890158	0.910712166088	1.0	
-0.727916412664	0.000826431648753	1.0	
-0.0373646202967	0.784346185603	1.0	
-0.0199950019767	0.408786196023	1.0	
-0.563382908476	-0.387164236954	1.0	
-0.414042831165	0.790444998034	1.0	
-0.556772560649	-0.658355554506	-1	
-0.162540711093	0.683664863852	1.0	
-0.294693052357	-0.570489033672	1.0	
-0.566038282411	-0.20128970829	1.0	
-0.583046132602	-0.510871202085	1.0	
-0.172569568863	0.775459301734	1.0	
-0.354161717119	-0.709165143183	1.0	
-0.172368177025	0.685901014506	1.0	
-0.899026051002	0.625285725554	1.0	
-0.683175118882	0.213919509521	1.0	
-0.810814911674	0.0380826551155	1.0	
-0.375657145624	-0.187494328237	1.0	
-0.835650525104	0.223699849201	1.0	
-0.0501345748994	0.429111090169	1.0	
-0.920239400643	-0.24837973809	1.0	
-0.905674536844	-0.168466449243	1.0	
-0.932725558983	-0.984249520554	1.0	
-0.116712673164	-0.233316847646	1.0	
-0.60727604336	0.21718544619	1.0	
0.188568101796	0.915070637256	1.0	
-0.677145849092	0.517509113006	1.0	
-0.367684573713	0.426267500808	1.0	
-0.779642531914	-0.471141985766	1.0	
0.0192290924754	0.950439749408	1.0	
-0.456738083652	0.613368307071	1.0	
-0.481607687253	0.705136823839	1.0	
-0.760827891063	0.967607174299	-1	
-0.567115941039	0.231707439702	1.0	
-0.665646425936	-0.20958064118	-1	
-0.797933913274	-0.373183453395	1.0	
-0.731403599283	-0.322153810767	1.0	
0.169169582492	0.999168458496	1.0	
-0.392623199833	-0.586839839909	1.0	
-0.360955787332	-0.437836850715	1.0	
-0.564147159741	0.488073902364	1.0	
-0.306174182784	-0.328368950686	-1	
-0.725480160329	-0.340197888053	1.0	
-0.516517996341	-0.643905423392	1.0	
-0.841472538149	0.694873743609	1.0	
-0.649368351389	-0.0399799087002	-1	
-0.217476739984	0.932039706339	1.0	
-0.568470634076	0.98515303263	1.0	
-0.430810639451	0.654356922678	1.0	
-0.785587444043	-0.817178273583	1.0	
-0.289772994838	0.022766348315	1.0	
-0.816800308191	-0.127440578673	1.0	
-0.98897714156	-0.933138525131	1.0	
-0.767477919169	0.133842599273	1.0	
-0.616781233472	-0.946145510079	1.0	
-0.955615107181	0.658932571118	1.0	
-0.325879532113	-0.557208326509	1.0	
-0.801859531645	-0.747342694644	1.0	
-0.63240878103	0.873271017173	1.0	
-0.939071167567	0.210585544355	1.0	
-0.235913629853	0.48656538663	1.0	
-0.504394861222	0.708578298365	1.0	
-0.188967372063	-0.413732156456	1.0	
0.0686969686478	0.901908898052	1.0	
-0.613040417343	-0.182715621324	1.0	
-0.179081414869	0.788982412952	1.0	
-0.168831039027	-0.126957041968	1.0	
-0.858609680483	-0.759918244819	-1	
0.0303718398206	0.813716331515	1.0	
-0.186837371604	0.706690837473	1.0	
-0.00351658296703	0.639826506678	1.0	
-0.830630607806	-0.0868213748125	1.0	
-0.400725407928	0.658182992255	1.0	
-0.247116036984	0.243654543617	1.0	
-0.782588656005	-0.166624313549	1.0	
-0.837841211459	0.0208544216012	1.0	
0.223723176801	0.939491310397	1.0	
-0.716932873259	0.234727079743	1.0	
-0.485581917732	-0.621128831699	1.0	
-0.622663972621	0.364626582329	1.0	
-0.547004904582	-0.255256835754	1.0	
-0.96989243007	-0.723406021312	1.0	
0.0644400486778	0.462859605896	1.0	
0.018089217558	0.602538747843	1.0	
-0.670906115396	0.280036434945	1.0	
-0.645480803167	0.0393321873058	1.0	
-0.831783538271	-0.710885207362	1.0	
-0.683996194648	0.859994423819	1.0	
-0.1467458154	0.440465398205	1.0	
-0.847991683639	0.218314346612	1.0	
-0.37636023799	0.0630398641387	1.0	
-0.946535816435	0.305455414072	1.0	
-0.0094508654861	0.928740338269	1.0	
-0.416293682021	-0.0142428588082	1.0	
-0.260340656659	0.44484683492	1.0	
-0.799244810567	0.17241057772	1.0	
-0.10272574746	0.925555912716	1.0	
-0.446258440196	-0.750590563849	1.0	
-0.687581483103	-0.315301265602	1.0	
0.0205299917727	0.239156989315	1.0	
-0.424243967163	-0.938640449523	1.0	
-0.840265949497	0.709062055472	1.0	
-0.285095815048	0.471860448901	1.0	
-0.477263501417	-0.248122187083	1.0	
-0.995472774255	0.239661443936	1.0	
-0.86293359501	0.485484148632	1.0	
-0.743591184168	0.387300689228	1.0	
-0.259065401484	0.9417477905	1.0	
-0.574938484514	0.488246855642	1.0	
-0.514185296177	0.981878719389	1.0	
-0.479602151755	0.502609065741	1.0	
-0.94289669977	-0.996946219771	1.0	
-0.520699414955	-0.772180054544	1.0	
-0.0340840764606	0.285784932982	1.0	
-0.207043418363	-0.0804349800548	1.0	
-0.392934641995	-0.628080084701	1.0	
-0.710890254039	-0.503622234475	1.0	
-0.01724065518	0.545374285705	1.0	
-0.575752089491	-0.164107972748	1.0	
0.731568539898	0.536633997982	-1.0	
0.0957805228264	-0.455948690637	-1.0	
0.00839870276366	-0.444439466143	-1.0	
0.288559403823	-0.979229347322	-1.0	
0.0389248589597	-0.0593949130481	-1.0	
0.560480116947	-0.301296714998	-1.0	
0.23566482222	-0.43611772673	-1.0	
-0.0411556722372	-0.441341606267	-1.0	
0.261364504095	-0.501973621472	-1.0	
-0.165018188229	-0.925456371162	-1.0	
-0.0863398410012	-0.411717042082	-1.0	
0.939648492517	-0.7024948704	-1.0	
0.837859785661	0.75780739999	-1.0	
0.324092627224	-0.58221786523	-1.0	
0.521691191977	0.718230100242	-1.0	
0.673867679242	0.224128262222	-1.0	
0.0631879563242	-0.521279054802	-1.0	
0.320632818575	0.591917407844	-1.0	
0.648886734964	-0.610631755354	-1.0	
0.794810808212	0.0601140606224	-1.0	
0.332042831551	0.605529895018	-1.0	
0.836793837205	-0.0557872235029	-1.0	
0.240678019582	0.575489253717	-1.0	
0.943886133733	-0.698137442573	1	
0.73629586037	-0.697987411292	1	
0.436744313082	-0.912502070992	-1.0	
-0.0499920152095	-0.365915542814	-1.0	
0.452036522152	0.909657429546	-1.0	
0.0947500244835	-0.146830218409	-1.0	
0.283013128402	-0.788986756945	-1.0	
0.81481031179	0.838332609151	-1.0	
0.671068800066	-0.836731787396	-1.0	
0.765854657474	-0.318208681967	-1.0	
0.425227795779	-0.389920845538	1	
0.605441610825	0.750764706107	-1.0	
0.708603718472	0.891464286278	-1.0	
0.760296757636	0.471230895215	-1.0	
0.588338352349	0.3578334345	-1.0	
0.28196811216	-0.808951381128	-1.0	
0.233741342474	0.526007258517	1	
0.655527345245	0.0153996363663	-1.0	
0.257832663111	-0.905830368855	-1.0	
0.257050757363	-0.114182061328	-1.0	
-0.115167640866	-0.967345326752	-1.0	
0.34933220027	-0.478774200442	-1.0	
0.531475130903	-0.237494001127	1	
0.258958319369	-0.520012297028	-1.0	
0.669553075551	0.271240266886	-1.0	
0.172979997579	-0.744126268542	-1.0	
0.368680629267	0.494016454159	1	
0.287853511863	-0.459302555198	-1.0	
-0.20614130685	-0.912145649366	-1.0	
-0.134659583977	-0.796481712071	-1.0	
0.991861453392	-0.722439214477	-1.0	
0.927305548352	-0.660103819701	-1.0	
0.66470603348	-0.38100946555	-1.0	
0.47267958779	0.739498483094	-1.0	
0.199607503094	-0.0509966895362	1	
0.290068279824	-0.38490448476	-1.0	
0.0579241027131	-0.207460738718	-1.0	
0.175271742933	-0.336876391777	-1.0	
0.882978514968	0.331900730345	-1.0	
0.621080232345	-0.811444252187	-1.0	
0.588127147494	-0.98737099965	-1.0	
0.758074048367	-0.349824234583	-1.0	
0.0772051517325	-0.179656924345	1	
0.576381077028	-0.106551581259	-1.0	
0.735230126103	-0.0568975257464	-1.0	
0.33678411266	0.306510465378	-1.0	
0.524984697943	0.184597529579	-1.0	
0.425615853665	0.660733453832	-1.0	
0.950423405541	-0.235618336892	-1.0	
0.387194704438	-0.530758008956	-1.0	
0.0104880510759	-0.835072109649	-1.0	
0.384777332338	0.207564035418	-1.0	
0.36881296047	0.988787572681	-1.0	
0.248853130878	-0.500596227948	-1.0	
0.533534549504	-0.861691003217	-1.0	
-0.131348132348	-0.744516408719	-1.0	
0.756703814859	-0.791795619302	-1.0	
0.3818013097	0.409298930368	-1.0	
0.144076311237	0.275851885131	-1.0	
0.916400860565	0.56370830183	1	
0.157418151165	0.0598644453735	-1.0	
0.483927169909	-0.591843510612	-1.0	
0.460111987421	-0.917027307553	-1.0	
0.65304680145	0.782120955459	-1.0	
0.12406923472	-0.778654905324	-1.0	
0.799662474529	0.98007396359	1	
0.885430050729	0.413970575595	-1.0	
0.864886723038	0.0311417400768	-1.0	
0.567781977788	-0.450171004602	-1.0	
0.707606706169	-0.823145266434	-1.0	
0.42794483786	0.787900587403	1	
0.125154874281	0.251269089408	1	
0.876942219516	0.0429535246657	-1.0	
0.650055436322	-0.819624703023	-1.0	
0.502454757178	0.538915459999	-1.0	
0.535559106649	0.162310155212	-1.0	
0.765352834092	-0.466381681849	-1.0	
0.827402764393	-0.24152399715	-1.0	
0.108135424589	-0.152188686041	-1.0	
0.470076776201	-0.479066335734	-1.0	
0.938548712921	-0.149607838218	-1.0	
0.109034999419	-0.239783701271	1	
0.942055994697	-0.653350752303	1	
0.658185511412	-0.39374231629	-1.0	
0.43042021679	-0.724850864361	-1.0	
0.669117650135	-0.0622275247926	-1.0	
0.961206855237	0.690709653738	-1.0	
0.081065809817	-0.566626138962	1	
0.146163754271	-0.226633249728	1	
0.611560620635	-0.39570513327	-1.0	
0.554956831479	0.0474729730404	-1.0	
0.696023214306	-0.538040073746	-1.0	
0.473072145415	0.939862190187	-1.0	
0.254146010507	0.332235174709	-1.0	
0.442433191995	-0.396406452849	-1.0	
0.326150582673	-0.179956505091	1	
0.189702503459	0.0677598540058	-1.0	
0.609071380922	-0.441434210661	-1.0	
0.763746804465	-0.474924148158	-1.0	
0.698370107911	-0.716862713435	-1.0	
0.916800537371	-0.536150058791	-1.0	
0.688681156007	-0.459026117897	-1.0	
0.479144298565	-0.920724735449	-1.0	
0.956223146806	-0.773363757418	-1.0	
0.624667517667	0.369454576667	-1.0	
0.665740424199	0.718167688094	-1.0	
0.567641092997	-0.74907547459	-1.0	
0.731185303227	0.264457816734	-1.0	
0.96143687558	-0.793439010244	-1.0	
0.921390620866	0.145105129301	-1.0	
0.511327561625	0.0950184926974	1	
0.591128317163	-0.306287545531	-1.0	
0.83806631636	-0.861571006826	-1.0	
0.710189055566	0.707380077294	-1.0	
0.450816853511	0.838490684061	-1.0	
0.514304607662	0.144173773413	-1.0	
0.849604676636	0.117144925105	-1.0	
0.616485500085	-0.584091072203	1	
0.24616880436	0.565714052934	-1.0	
0.0296853612838	-0.474676133961	-1.0	
0.599507569811	-0.554328958414	-1.0	
0.166353246879	0.339655350117	-1.0	
0.894266781655	-0.536080019268	-1.0	
0.21395554986	-0.807843696925	-1.0	
0.642199982045	0.905031641361	-1.0	
0.986443982937	0.00893548693308	-1.0	
0.210872546422	0.525590971134	1	
0.50332704194	0.88895684284	-1.0	
0.841313942611	0.792472241627	-1.0	
0.749312181079	-0.163873757697	-1.0	
0.276412166974	0.33263322496	-1.0	
0.706721578294	0.0900050002962	1	
0.83475518318	-0.472295000878	-1.0	
0.780496874331	-0.926079623713	-1.0	
0.547403685763	-0.366814008632	-1.0	
0.769534397439	-0.749277258585	-1.0	
0.145817031301	-0.18459865874	1	
0.803443875721	-0.714076305813	-1.0	
0.845954043613	-0.25764616217	-1.0	
0.388219306195	0.860008842588	-1.0	
0.561455370164	-0.240047296248	-1.0	
0.68555637826	0.801348840278	-1.0	
0.0330214313045	-0.786427972481	-1.0	
0.731875045071	0.854219318914	-1.0	
0.792593848314	-0.00195009207857	-1.0	
-0.219064880548	-0.848724134582	-1.0	
0.487858713512	-0.480204547154	1	
0.604163389614	0.283151746807	-1.0	
0.873940973774	0.977822762668	-1.0	
0.214772302321	-0.0734381023639	-1.0	
0.530298895802	0.368931493444	-1.0	
0.0230877647578	-0.708712101861	-1.0	
0.503334912232	-0.807625023562	-1.0	
-0.0224233335247	-0.463958382187	-1.0	
0.886478958426	0.197553828835	1	
0.922926600756	0.239391300624	-1.0	
-0.0954881870673	-0.396924160711	-1.0	
0.793312806079	-0.135351093151	-1.0	
0.399582393539	0.706800383475	-1.0	
0.0927902357098	-0.559016244692	-1.0	
0.453379236456	0.535717395582	-1.0	
0.558376236195	0.0198531102928	1	
0.965808150173	0.550231032184	1	
0.104243623415	0.191643614232	-1.0	
0.375839193889	-0.0794447716037	-1.0	
0.566342560206	-0.277113370805	-1.0	
0.702541282427	-0.199229571789	-1.0	
0.0305374696202	-0.571156327661	-1.0	
0.00880012896509	-0.294023260411	-1.0	
0.67420573638	0.913008579369	-1.0	
0.242479108875	-0.151359095183	-1.0	
-0.0829844628073	-0.656939100891	-1.0	
0.393104602949	-0.527064256355	1	
0.752598686004	-0.37903948187	-1.0	
0.97765944134	-0.637949529468	-1.0	
0.961742145514	0.0743620972056	-1.0	
0.833398056482	-0.408748980307	-1.0	
0.452618844715	-0.649922393751	-1.0	
0.3217900438	0.572994331934	-1.0	
0.93593208114	-0.70544213738	-1.0	
0.435464782135	0.604035370138	-1.0	
0.2350654146	-0.386237783286	-1.0	
0.328058923806	-0.915008284912	-1.0	
0.638819317622	-0.432252051072	-1.0	
0.0373136412115	-0.784318594282	-1.0	
0.184711874946	-0.761168047339	-1.0	
0.515439429039	-0.635950617989	-1.0	
0.637368137492	0.664141783078	-1.0	
0.32481548534	0.705597124003	-1.0	
0.0118589715977	-0.970912080723	-1.0	
0.358684224333	-0.342912806018	-1.0	
0.818059458876	-0.494798780959	-1.0	
0.894846305568	0.401187036929	-1.0	
0.441222503561	-0.321509772195	-1.0	
0.965599829777	0.921834263431	-1.0	
0.491925562308	-0.450865890071	-1.0	
0.809943871316	0.928009652267	-1.0	
0.990826375255	-0.490755927711	-1.0	
0.508623083371	-0.715162150783	-1.0	
0.700340659521	-0.483821071034	-1.0	
0.176880684849	-0.817699251182	-1.0	
0.945548317855	0.332450698998	-1.0	
0.308530312497	-0.51295308334	-1.0	
0.748126006149	-0.759254105272	-1.0	
0.963493733938	0.0306751726926	-1.0	
-0.222073942365	-0.942813920567	-1.0	
0.268802863012	0.597376042989	-1.0	
0.911779347906	0.0172013488272	-1.0	
0.0471045186428	-0.807953504471	-1.0	
0.509362675686	-0.776422620365	-1.0	
0.532232673632	-0.127041636013	-1.0	
0.316471469607	-0.763184031381	-1.0	
0.500892140077	-0.998288272102	-1.0	
0.509008450338	-0.427020351212	1	
0.869671102966	0.104745725016	-1.0	
0.0698337824044	-0.642479151958	-1.0	
-0.0767909135075	-0.635715459742	-1.0	
0.929344907347	0.563057157432	-1.0	
0.82732077882	-0.380878499109	-1.0	
0.421442335029	-0.313068716374	-1.0	
0.332552464786	0.644214871688	-1.0	
0.0709449296778	-0.788482768513	1	
0.289169211789	0.29685259789	1	
0.878331671981	0.0628404615037	-1.0	
0.753231185654	0.995883368254	-1.0	
0.945284779565	-0.103833768148	-1.0	
0.624921306845	-0.771990145366	-1.0	
0.864238002441	0.151253150709	-1.0	
0.886150493588	0.768889272168	-1.0	
0.744865803494	0.311270083566	-1.0	
0.623920344407	-0.870298315823	1	
0.618946316453	0.524468811608	-1.0	
0.914227402754	-0.195883480235	-1.0	
-0.268487291708	-0.907089615825	-1.0	
0.191519424917	-0.399622032653	-1.0	
0.377302557536	-0.613763456764	-1.0	
0.438292349177	0.603878516777	-1.0	
0.700605594987	0.759758560873	-1.0	
0.764505309838	0.802671915611	-1.0	
0.950837837701	0.275019023059	-1.0	
0.669486115604	-0.450156936517	-1.0	
0.104951058119	-0.754849801101	-1.0	
0.61749872179	-0.506749405664	-1.0	
0.50097655267	0.671696122768	-1.0	
0.432401390891	0.665050755497	-1.0	
0.994683499153	0.39976164735	-1.0	
-0.13000101672	-0.985442414295	-1.0	
0.417085434753	0.139146576116	-1.0	
0.764181022462	0.799093019031	-1.0	
0.729473500392	-0.907000122047	-1.0	
0.608840260773	0.491698509025	1	
0.186565322026	-0.910789623717	-1.0	
0.387529236985	-0.552968023679	-1.0	
0.425522917276	-0.315860523769	-1.0	
0.654519609342	0.530872167077	-1.0	
0.238668032222	-0.871459135909	-1.0	
0.601172943647	0.948691291863	-1.0	
0.693717729996	-0.880939225649	-1.0	
0.298430222157	0.279872271537	-1.0	
0.750409112182	-0.734325308666	-1.0	
0.878456582842	0.0054308100854	-1.0	
0.414437057935	0.554297463066	-1.0	
0.760373103681	-0.112942976598	-1.0	
0.751402040911	-0.355535165819	-1.0	
0.946336289512	0.747386935185	-1.0	
0.241247802112	0.172815131144	-1.0	
-0.0402649180964	-0.811468827613	-1.0	
0.943528136259	0.0487414962995	-1.0	
0.927702261698	0.546428924165	-1.0	
0.216716045881	0.264935382387	-1.0	
0.238331615134	-0.0239234779029	-1.0	
0.430125038644	0.444452039206	-1.0	
0.195976894792	-0.913589072996	-1.0	
0.346280525935	-0.469056196507	-1.0	
0.0672991862021	-0.0314443239549	-1.0	
0.0926765445555	-0.832748384326	-1.0	
0.712645869425	0.0274458253089	-1.0	
0.8331412045	-0.38893111507	-1.0	
0.981937093654	-0.604391566421	-1.0	
0.554926537551	0.852143911228	-1.0	
0.647655918457	0.155979948406	-1.0	
0.28878688673	-0.568876492749	1	
0.664655234824	-0.875177385472	-1.0	
0.210223439132	0.366110669854	-1.0	
0.873570237135	0.366795952665	-1.0	
0.526821007268	0.435656235788	-1.0	
-0.0880837604774	-0.687526236345	-1.0	
0.974476041311	-0.868342856889	-1.0	
0.526984144569	0.7437622591	-1.0	
0.520051720062	0.126903898256	-1.0	
0.675492360726	-0.930825571978	-1.0	
0.0421214395717	-0.0592552936137	-1.0	
0.456430197027	0.762167532189	-1.0	
0.786509938489	0.164571852411	-1.0	
0.054245861489	-0.103260428409	-1.0	
0.529334825772	0.224044534472	-1.0	
0.684903431462	-0.22896323548	-1.0	
0.47855098004	0.865867013538	-1.0	
0.451625883411	-0.169040767231	-1.0	
0.458587864442	0.926962551464	-1.0	
0.776091162322	-0.0126880115289	-1.0	
0.901316443303	0.48621251841	-1.0	
0.694918406061	-0.646749989425	-1.0	
0.480974123983	-0.207431850292	-1.0	
0.283775356952	-0.876495741944	-1.0	
0.24372662031	-0.389879741998	-1.0	
0.902717300589	-0.553175874975	1	
0.724521269246	0.367247409798	1	
0.7810730072	-0.887461103984	-1.0	
-0.134908985494	-0.781781127172	-1.0	
0.459560019974	0.217038896372	-1.0	
0.319677017149	-0.944868448965	-1.0	
0.882858669207	-0.934319267805	-1.0	
0.392466120924	-0.517820320838	-1.0	
0.397716035329	0.328190984381	1	
0.622717272616	-0.246767542919	-1.0	
0.581513368158	-0.372684370129	-1.0	
0.139265926657	0.146577090442	1	
0.893187573592	-0.648638569739	-1.0	
0.00734545806858	-0.129483234274	-1.0	
0.931305193579	-0.37311266146	-1.0	
0.0906881035973	-0.591929698764	-1.0	
0.642027785576	-0.428429313898	-1.0	
0.504031984431	-0.292364086946	-1.0	
0.842445594454	0.642203788172	-1.0	
0.809128720193	-0.117180457361	-1.0	
0.534209581964	0.649380869183	-1.0	
-0.061734080375	-0.49723521376	-1.0	
0.55410693957	0.129878356021	-1.0	
0.320644805282	-0.29439588356	-1.0	
0.547617261998	-0.0196098281799	-1.0	
0.92526999859	-0.957580714589	-1.0	
0.278658738421	-0.784695325558	-1.0	
0.14045855888	-0.483464200451	-1.0	
0.39823493939	-0.67677971497	-1.0	
0.330575508381	0.0615432390128	-1.0	
0.231207079255	0.522834056816	1	
0.70336828966	-0.259172950881	1	
0.490807673744	-0.741928035191	-1.0	
0.932680844687	-0.248535482484	-1.0	
0.484128687549	-0.780618192178	-1.0	
0.426160485416	-0.806330837006	-1.0	
-0.135439719926	-0.61818589276	-1.0	
0.930933606789	-0.81428158903	-1.0	
0.476842790814	-0.482424531663	1	
0.870438470638	-0.837014417719	1	
0.760402479675	-0.900253542536	-1.0	
0.399590704497	0.446401687301	-1.0	
0.625308007601	0.765829417845	-1.0	
0.984885400888	0.0236312604662	1	
0.459770655338	0.938877233563	-1.0	
0.918205635456	0.525008945846	-1.0	
0.685316716408	0.962628457026	-1.0	
0.92199322023	0.499882651539	-1.0	
0.687438402754	0.366470781033	1	
0.371614316764	-0.196609508293	-1.0	
0.67317604436	0.464814973988	-1.0	
0.454085819696	0.66755455825	-1.0	
0.830891599468	-0.340102708844	-1.0	
0.017033967658	-0.708292896382	-1.0	
0.414809742	0.269134245929	-1.0	
0.9646106603	-0.325600272688	-1.0	
0.602118739211	-0.693640879563	-1.0	
0.766921853672	0.899615065804	-1.0	
0.362630865173	-0.536846045962	-1.0	
0.278256478267	-0.465834748617	-1.0	
0.557343524752	0.0396519975902	-1.0	
0.193920033842	-0.143915291561	-1.0	
-0.0826629220022	-0.450503054732	-1.0	
0.611815323653	-0.808121296135	-1.0	
0.328297535491	-0.480177105924	-1.0	
0.805188748477	0.100704647752	-1.0	
0.96734095489	-0.665142891065	-1.0	
0.527330689567	0.748507866155	1	
0.788020850735	0.940157955328	-1.0	
0.890634168282	-0.885209755196	-1.0	
0.243277241004	-0.978380767062	-1.0	
0.98390427837	-0.713834533654	-1.0	
0.302407990506	-0.231728103684	-1.0	
0.26680489466	-0.652197560677	-1.0	
0.153017743154	0.0972524249261	-1.0	
-0.106517275173	-0.441626176038	1	
0.990416600153	-0.923754012744	-1.0	
0.580768332131	0.675693718606	-1.0	
0.249730873829	-0.806672061888	-1.0	
0.314655005904	-0.0791935405365	-1.0	
0.549974151517	0.493517204471	-1.0	
0.33290734854	0.508352391513	-1.0	
0.408821418863	0.877793952813	-1.0	
0.104136914276	-0.591219935214	-1.0	
0.476725359055	-0.82866298068	-1.0	
0.150877453777	-0.615327895348	-1.0	
0.345058481235	-0.622382827581	-1.0	
0.777696041096	-0.886433608369	-1.0	
0.773834385785	0.0723140682253	-1.0	
0.402959105153	-0.464757464673	-1.0	
0.444320501791	-0.0894389062181	-1.0	
0.950350926409	0.675443318851	1	
0.629865992931	0.585907076551	-1.0	
0.539959046583	-0.05462003039	1	
-0.0835011058443	-0.889802558572	-1.0	
0.967862227758	0.224908305066	1	
0.228235716986	-0.0968973830835	1	
0.318146793888	-0.0404594790051	1	
0.557321020223	0.348925671919	-1.0	
0.875017409289	0.988782609653	-1.0	
0.252758385519	-0.58483456977	-1.0	
0.736415112903	-0.662859151473	-1.0	
0.269593068824	0.299251399152	-1.0	
0.357529528046	-0.656836471898	-1.0	
0.175507921918	-0.066089363076	-1.0	
0.0934771158358	-0.912345629489	-1.0	
0.221075696725	0.235922929685	-1.0	
0.863509739789	0.81109108221	-1.0	
0.939258465319	0.0704794579022	-1.0	
0.247380444033	0.623697003664	-1.0	
0.769763671815	0.123226995674	-1.0	
0.0566922162502	0.0280919510718	-1.0	
0.27503537396	0.526838652367	-1.0	
0.607773191233	-0.499254636654	-1.0	
-0.0373632147916	-0.692710482394	-1.0	
0.182057111489	-0.494272324587	-1.0	
0.952657179484	-0.98458961374	-1.0	
0.639772843225	-0.178080759073	-1.0	
0.26471480732	0.196963383482	-1.0	
0.682696308544	0.879854762294	-1.0	
0.340680789099	-0.159377104774	-1.0	
0.663117370297	-0.499636566337	-1.0	
0.963454496247	-0.396417552914	1	
0.564918039547	-0.879834564142	-1.0	
0.608976381174	-0.568279921275	-1.0	
0.3866763052	0.277393668652	-1.0	
0.481115488023	0.311256506072	-1.0	
0.624893904695	-0.936941711299	-1.0	
0.408835220948	-0.194071133434	1	
0.786351542315	-0.165240963858	-1.0	
0.720052195383	0.3735023325	-1.0	
0.525626014369	0.49614008771	-1.0	
0.152323721986	-0.0251227467721	-1.0	
0.437254936727	-0.374508969098	-1.0	
0.444116242047	0.602421497391	-1.0	
0.343373743806	-0.402730695592	-1.0	
0.792574307095	0.407854082087	-1.0	
0.00510337034384	-0.919442193302	-1.0	
0.844665754672	-0.954274860731	-1.0	
0.340621251312	0.763217997586	1	
0.929942056658	-0.687045946798	-1.0	
0.840656506919	0.497679881728	-1.0	
0.648842477062	-0.22784481808	-1.0	
0.362222523785	-0.685275920675	-1.0	
0.891797892202	0.754015022413	-1.0	
0.853422865443	0.75168323121	-1.0	
0.335804848742	0.518613321297	-1.0	
0.203994758496	-0.482352210997	-1.0	
0.759070597971	-0.334724590437	-1.0	
0.259408290437	-0.82567272853	-1.0	
0.81308281037	-0.736268268221	1	
0.112878599556	-0.0384044144055	-1.0	
-0.0475264178397	-0.461045877121	-1.0	
0.189830012763	-0.420298008277	-1.0	
